% # columns="iteration, evaluation, sigma, axis ratio, bestever, best, median, worst objective function value, further objective values of best", seed=94337, Tue Nov 10 11:51:03 2020, <python>{}</python>
1 11 0.4446762957330064 1.0000458343836967 198.87354185805094 1.9887354185805094e+02 403.15361548595587 980.5241138486087   
2 22 0.42612746492906634 1.1200020489736837 165.46140453451224 1.6546140453451224e+02 417.21779457302006 916.8825960582968   
3 33 0.39721928942053997 1.1763379698832694 126.17435263504325 1.2617435263504325e+02 378.03752869789486 745.924311145418   
4 44 0.36298376885413464 1.194613861986378 126.17435263504325 2.7890425037283813e+02 397.1039286509956 679.9454122773201   
5 55 0.3401446306701479 1.2684791402086346 97.55935422833025 9.7559354228330250e+01 262.1750267361245 816.4225971868964   
6 66 0.3258541932197093 1.3038011832857477 97.55935422833025 1.4809485232634688e+02 252.0655361018142 379.45164611071095   
7 77 0.2938445431556112 1.3082838477665926 97.55935422833025 1.0979067921998924e+02 210.39087990163563 477.53783929104316   
8 88 0.2810821451458956 1.3261662763770348 74.00074389555897 7.4000743895558969e+01 167.92993024738703 279.25636844323384   
9 99 0.2896521375707883 1.3639275248267737 74.00074389555897 8.8207978685189573e+01 142.5213710280876 345.1856153970946   
10 110 0.29401947514059085 1.4183812466883494 74.00074389555897 8.1636291714932099e+01 168.1156562371234 237.63538803208672   
11 121 0.27562269678611 1.4671386703338953 74.00074389555897 8.1511627383713432e+01 131.22007558315354 690.625510879609   
12 132 0.2708827993487472 1.4765693371123072 39.03620347379952 3.9036203473799517e+01 122.58247668420336 322.8234060600336   
13 143 0.2699532724452584 1.4844478995965118 39.03620347379952 5.3579407046431413e+01 125.390752152565 352.7693195587147   
14 154 0.2546305802558704 1.5308106615990478 39.03620347379952 6.4976467112911180e+01 119.60661541024751 471.8759833217926   
15 165 0.2290124387557387 1.5936942513072 39.03620347379952 6.4669162190421957e+01 90.72374146281867 191.62618174225975   
16 176 0.2155626701124269 1.5943118072154623 39.03620347379952 6.0976681666521188e+01 89.58062312102476 183.58722477412   
17 187 0.20754322198902672 1.63589731090516 39.03620347379952 6.8564192326404992e+01 93.24630590009531 185.64022235549885   
18 198 0.20211090961379252 1.6098732552965092 39.03620347379952 6.4988721416103317e+01 99.92119452088897 141.10391363922497   
19 209 0.1844840345729946 1.5858959370753842 36.9157945389747 3.6915794538974701e+01 79.12093385477623 111.37391679980949   
20 220 0.1755857376766612 1.6421733444333733 36.9157945389747 4.6135672562120703e+01 59.21257759465087 99.56966825639023   
21 231 0.15996643070007835 1.6144700876642228 36.9157945389747 4.3046405741769760e+01 54.13734551893499 125.51806760596156   
22 242 0.15939924920454163 1.6141730959892333 27.43237497560272 2.7432374975602720e+01 63.92607986807228 92.0117264312806   
23 253 0.15198051580901772 1.6051552875391815 24.423754643082077 2.4423754643082077e+01 43.518710334888944 79.70138454351839   
24 264 0.14109356052848296 1.6176400170461596 20.645317417207192 2.0645317417207192e+01 39.93285116601689 54.867871583067654   
25 275 0.13562512899109064 1.6203745296083802 19.631443916916773 1.9631443916916773e+01 35.56784304111922 48.23101396735463   
26 286 0.14176239735526902 1.6434842407433667 19.631443916916773 2.4991049531027823e+01 34.750395696281295 58.69919275709235   
27 297 0.1345370523210065 1.653734947634034 19.631443916916773 2.5127232759992879e+01 38.880925777290145 68.81551697822621   
28 308 0.12864093316415504 1.7078538811861759 19.560624287672255 1.9560624287672255e+01 36.26086409973872 53.46696513500244   
29 319 0.12108420705416333 1.6988364169515813 19.560624287672255 2.1315601416507711e+01 29.070173940962786 60.19770174608736   
30 330 0.1255509706276664 1.6911006314392756 19.560624287672255 2.3499230398079533e+01 30.349561321789608 48.14602348390396   
31 341 0.12162960492984046 1.7285180524970556 19.560624287672255 2.0611323698220104e+01 25.913549612695576 51.56146973589903   
32 352 0.10802960658415166 1.7800496176310472 12.960052411541112 1.2960052411541112e+01 26.36266172499987 71.46077245965473   
33 363 0.09986590340866007 1.754946728424021 12.960052411541112 1.5899607374811795e+01 22.038127963667897 26.957317062077063   
34 374 0.09261472103102189 1.7389263936107437 12.960052411541112 1.4781019898364892e+01 19.51177141919482 33.031436356628575   
35 385 0.0834416470687013 1.7111197655532824 12.960052411541112 1.3163358089984287e+01 17.497313975496937 24.04065713718395   
36 396 0.07769404382204557 1.7093760913543627 12.757899986288948 1.2757899986288948e+01 16.999084565057775 24.78689676543198   
37 407 0.07474104479972565 1.7216712378101418 11.91506389019866 1.1915063890198660e+01 16.42128143417378 21.898166633154784   
38 418 0.06979779501343729 1.820954976079647 11.91506389019866 1.1925288589557574e+01 15.389267143630333 21.678097369429388   
39 429 0.06739562443054203 1.829688651455876 11.91506389019866 1.2355009555654586e+01 14.401071923952726 17.86556955361852   
40 440 0.06165004004569323 1.7950894992804887 11.524073234270201 1.1524073234270201e+01 15.84453220490482 18.70134742424184   
41 451 0.05700211411219083 1.830042787909426 10.731621529853735 1.0731621529853735e+01 13.861109742920883 16.77817421435953   
42 462 0.05778927644940202 1.825593378973587 10.425840604353962 1.0425840604353962e+01 12.103439125988602 15.977248874403976   
43 473 0.05599988714175206 1.8778879294337063 10.340993319298654 1.0340993319298654e+01 12.422351845400044 13.7261327782304   
44 484 0.051671393030943966 1.8926286830457801 10.340993319298654 1.0614190579641114e+01 11.625250206869762 13.439622661076568   
45 495 0.04705272326797685 1.902080520416121 10.24665987749189 1.0246659877491890e+01 11.391165322691327 14.086068143494641   
46 506 0.04241102948062432 1.935203331605847 10.092204126910483 1.0092204126910483e+01 11.571334257230703 13.869294344627827   
47 517 0.0369311626643629 1.9625039642619118 10.092204126910483 1.0145903977860987e+01 11.029461650651198 12.376154479846114   
48 528 0.0335521181994716 2.079227887592042 10.092204126910483 1.0295825608192120e+01 10.733496498232178 11.524476438661411   
49 539 0.031143863097045938 2.0841836861166314 9.82634697916372 9.8263469791637199e+00 10.457795152601753 11.629376237483058   
50 550 0.029857210502487182 2.1128442111156622 9.82634697916372 9.9765891069391888e+00 10.214709671211153 11.001120258337025   
51 561 0.031179102796204686 2.1220334045899265 9.82634697916372 9.9610368887782439e+00 10.020754115470007 11.46834349286082   
52 572 0.03111165027214697 2.165769447221425 9.82634697916372 1.0103823208412473e+01 10.302231708447115 10.883620356154038   
53 583 0.028333344863931395 2.143484950024786 9.747263569179282 9.7472635691792817e+00 10.241812479213666 11.126254582237408   
54 594 0.026160679549501815 2.1680445421364016 9.722566234986564 9.7225662349865640e+00 10.032627179597604 10.252128399854008   
55 605 0.024826737581627786 2.1514322612126358 9.65793835057374 9.6579383505737404e+00 9.871452675806003 10.180726546552906   
56 616 0.0226077854126377 2.1308729237393416 9.540303458295666 9.5403034582956661e+00 9.773367474218857 10.286784191820754   
57 627 0.021461525590218005 2.146265103531517 9.540303458295666 9.6244340263814809e+00 9.715271388522607 9.84774850319943   
58 638 0.02111829763795968 2.1778541012644785 9.427865358552987 9.4278653585529870e+00 9.79475171805705 9.93045942881175   
59 649 0.02061890458799201 2.1999851504979198 9.427865358552987 9.4725881909966780e+00 9.631309601630361 9.859713620844232   
60 660 0.02151630322973994 2.2255232599490915 9.427865358552987 9.4602990086708836e+00 9.619726354905659 10.172193484214212   
61 671 0.021299869646897736 2.202653627015053 9.382905122821207 9.3829051228212066e+00 9.540694014782193 9.833297890180203   
62 682 0.02075291691413201 2.2344148504546664 9.382905122821207 9.4643007053051331e+00 9.645483244862088 9.75137301780155   
63 693 0.0202924728854769 2.3047661211570505 9.382905122821207 9.5422557107483321e+00 9.680009265707662 9.831108746949663   
64 704 0.020352170013439554 2.339561363071067 9.382905122821207 9.4633745389989503e+00 9.702142610170707 10.055132805727514   
65 715 0.019524771308284186 2.465986763319946 9.291009004307027 9.2910090043070266e+00 9.549926606734598 9.755387656931518   
66 726 0.019209727849018192 2.538252529975728 9.291009004307027 9.3200320635384131e+00 9.433297288801846 9.669404121306723   
67 737 0.01807127386647978 2.680422296699665 9.291009004307027 9.3288678118633737e+00 9.471335500986306 9.701714272852012   
68 748 0.01824913957215058 2.6833630119077982 9.243158974565537 9.2431589745655369e+00 9.402931856940391 9.550842715385896   
69 759 0.0178890117907188 2.6722677019280754 9.240936122689435 9.2409361226894351e+00 9.290808332718088 9.60408868427477   
70 770 0.017093212452554074 2.7146237533209683 9.234187713247353 9.2341877132473531e+00 9.41514427483512 9.67307550775331   
71 781 0.01705674744326417 2.721718073164736 9.048488847752662 9.0484888477526617e+00 9.245581874314665 9.451955692005463   
72 792 0.017903267664945148 2.826642090604895 8.992241031429414 8.9922410314294137e+00 9.22970055851011 9.375133147246682   
73 803 0.01942859769359985 3.06404546220501 8.992241031429414 9.0527450550505435e+00 9.211417919850474 9.420858415915365   
74 814 0.02049498491868519 3.190540375595607 8.992241031429414 9.0861010549633985e+00 9.241009869454796 9.516901407417762   
75 825 0.020279621696817022 3.408177736972087 8.992241031429414 9.1243824963035287e+00 9.370468317837991 9.483690305390093   
76 836 0.01962167398145325 3.423622553092688 8.992241031429414 9.2129656243802298e+00 9.316060702773065 9.546485465434719   
77 847 0.020938631267738546 3.479192752035028 8.992241031429414 9.0354029301219487e+00 9.244320176622688 9.862225157127918   
78 858 0.021353409998602354 3.740857859827175 8.992241031429414 9.0222386643607226e+00 9.145080200635014 9.440517948492165   
79 869 0.022042571159634754 3.8295500175663184 8.939833408446765 8.9398334084467646e+00 9.135951133568344 9.531326910532394   
80 880 0.023083799865870103 3.8799481955433155 8.858109961116735 8.8581099611167353e+00 9.023585730478633 9.187096218909463   
81 891 0.023588461243412198 4.182347949497436 8.825372344014657 8.8253723440146565e+00 9.006456536627214 9.28740679279369   
82 902 0.023708407830641924 4.545551770745127 8.768064820482875 8.7680648204828753e+00 9.162157014235024 9.381765104513521   
83 913 0.02470482899304297 4.607833987103544 8.737578626089677 8.7375786260896771e+00 9.147953016609096 9.27889511196873   
84 924 0.024769671060942012 4.8601268433263884 8.6860225763845 8.6860225763845005e+00 8.930006102261954 9.224390505071723   
85 935 0.024450859607225706 4.989703267336773 8.6860225763845 8.7503575930827218e+00 8.931450736886609 9.1659866432373   
86 946 0.02366309846116193 4.935112039247884 8.602946024320747 8.6029460243207474e+00 8.819264649739676 9.068707847431867   
87 957 0.023731672993378118 5.027332811360042 8.602946024320747 8.6350693959675695e+00 8.901764353486477 8.976979553107721   
88 968 0.02495722906825841 5.097316050025528 8.492929966284152 8.4929299662841515e+00 8.919972186773652 9.253038990212907   
89 979 0.024170841624889167 5.309587577278888 8.492929966284152 8.4958987998492752e+00 8.77974062242082 9.070443017145262   
90 990 0.024416310152469294 5.36348461991482 8.477019903844594 8.4770199038445941e+00 8.76189938959136 9.108816227920714   
91 1001 0.024972619639486576 5.5772026677516084 8.477019903844594 8.5173950130638794e+00 8.582577804669246 9.234098105558692   
92 1012 0.023915204554735437 5.810624135177753 8.477019903844594 8.4802504837059871e+00 8.77941270406532 9.09332360579634   
93 1023 0.022414558795148944 5.953208555095504 8.477019903844594 8.5379982260684564e+00 8.794495329921435 9.18106576130917   
94 1034 0.020572696291954105 5.980867172064304 8.395324651800207 8.3953246518002071e+00 8.71592353077439 8.907617515846045   
95 1045 0.020294439822803226 5.9681755938816385 8.367755892044844 8.3677558920448440e+00 8.594647491698062 8.737600990708344   
96 1056 0.01971977923802678 6.119212682962716 8.302599850910518 8.3025998509105179e+00 8.361851814056887 8.584985579639586   
97 1067 0.0184688688270783 6.11137482688789 8.302599850910518 8.3466665107640008e+00 8.467721149946264 8.845366575756515   
98 1078 0.017738702727786833 6.034801259547313 8.251793696204448 8.2517936962044480e+00 8.443338153813281 8.613060194047605   
99 1089 0.018261923937940433 6.037924424670094 8.251793696204448 8.2679431942943271e+00 8.352713137744328 8.472684574116032   
100 1100 0.019109511855232648 6.375009543086771 8.144350158283729 8.1443501582837285e+00 8.399772426625278 8.491132546624875   
101 1111 0.021811522254442998 6.425955338421556 8.144350158283729 8.1865671129043900e+00 8.31191379865419 8.512870841255287   
102 1122 0.0227116371824955 6.423137034358424 8.087812997850353 8.0878129978503530e+00 8.297741714125133 8.817468992541015   
103 1133 0.023452747206584443 6.2284245008650965 8.087812997850353 8.1619172215825593e+00 8.278634007706938 8.452775881104735   
104 1144 0.022715814964808304 5.907052337777753 8.087488296586788 8.0874882965867876e+00 8.272436712790677 8.554587799787507   
105 1155 0.022440008076282186 6.0091084509613335 8.087488296586788 8.0996243873141314e+00 8.273515402716725 8.512586498721873   
106 1166 0.02244103640392872 6.094994768118644 8.036178778365024 8.0361787783650236e+00 8.20265722814563 8.651973693648007   
107 1177 0.02156796196806991 6.168768448706158 7.980969327383993 7.9809693273839928e+00 8.153370349651674 8.556577079304633   
108 1188 0.02080628547559515 6.169182555816131 7.948369550308847 7.9483695503088470e+00 8.082792650110196 8.256188940591285   
109 1199 0.022267802976671892 6.238577641788877 7.948369550308847 8.0228831201951110e+00 8.080392696264937 8.175920512271537   
110 1210 0.021352134139766027 6.326141457716984 7.873929476348189 7.8739294763481888e+00 8.02596577938687 8.26143918239455   
111 1221 0.02123602366821753 6.191709619165118 7.819143303679905 7.8191433036799047e+00 8.066470649908439 8.17764271654712   
112 1232 0.021044259481792428 6.052238493059576 7.768954773510765 7.7689547735107647e+00 8.047778878203527 8.221066596422844   
113 1243 0.021574622738014727 6.295246213763073 7.768730636661366 7.7687306366613660e+00 7.869836911633476 8.024951725140895   
114 1254 0.021880208040725446 6.286818555859727 7.674608288182128 7.6746082881821280e+00 7.8638496920451395 8.064891349547322   
115 1265 0.02233685801760983 6.353078503528406 7.674608288182128 7.7310335921572815e+00 7.806818398433543 8.04560025962632   
116 1276 0.021377980545735486 6.409593069599717 7.661464517569756 7.6614645175697564e+00 7.892117010501299 8.155543005442363   
117 1287 0.021696088079456215 6.425959311125934 7.642463351583707 7.6424633515837073e+00 7.814796191766128 7.988801382529704   
118 1298 0.02175339439394163 6.741319420904434 7.581517048946655 7.5815170489466546e+00 7.691310338987708 7.988321985516613   
119 1309 0.02143534638370918 7.04301580395659 7.581517048946655 7.5926795592568741e+00 7.721352128350731 7.811387160054608   
120 1320 0.021551518912564578 6.911115614910871 7.5464226228291444 7.5464226228291444e+00 7.704836404209731 7.853485002522309   
121 1331 0.022220956049182825 7.083483354150811 7.370958373991784 7.3709583739917841e+00 7.626896743870898 8.045483295987133   
122 1342 0.02295488740287241 7.2578817773999225 7.370958373991784 7.3851436724824273e+00 7.531504272026146 7.757116510449968   
123 1353 0.025554707222032007 7.669874369296064 7.26921025477188 7.2692102547718802e+00 7.505648616043076 7.726208975392869   
124 1364 0.026160803061370842 8.102935685441171 7.26921025477188 7.2768834187203151e+00 7.487754237450584 7.74341895256102   
125 1375 0.02770936414461815 8.191756051965015 7.26921025477188 7.2804672655632388e+00 7.365685186217679 8.136035075333316   
126 1386 0.029014834272634717 8.259615399203414 7.26921025477188 7.3489862631425789e+00 7.548334500262682 7.955495401036737   
127 1397 0.02909359013412714 8.570337707100443 7.230538567597864 7.2305385675978640e+00 7.744722575929643 8.146067900516519   
128 1408 0.028365481264498057 8.481860165369868 7.230014739293553 7.2300147392935532e+00 7.59043050884346 8.071259162627307   
129 1419 0.02625055324990941 8.093047517117078 7.230014739293553 7.3511620664770572e+00 7.552483335061364 8.023274732625794   
130 1430 0.025404786791869697 7.967953007657321 7.146486696442213 7.1464866964422127e+00 7.473603329437243 7.924614259813513   
131 1441 0.024547951864327462 8.166903318544627 7.146486696442213 7.3297712949543090e+00 7.487498760928602 7.877334677731909   
132 1452 0.022261862883029487 8.166279071373989 7.146486696442213 7.3235730720509782e+00 7.4859786538234925 8.03351882796201   
133 1463 0.020907748189280873 8.227016147164715 7.146486696442213 7.2854034265737155e+00 7.49208888897177 7.656712306295636   
134 1474 0.01924452319500873 7.966527011655124 7.146486696442213 7.1878242143549889e+00 7.361841807463124 7.537546496571366   
135 1485 0.01800419350141332 8.012227401588246 7.106987625302059 7.1069876253020592e+00 7.281615393186973 7.420874356117567   
136 1496 0.018007486471543068 7.98704755898054 7.085358171797638 7.0853581717976377e+00 7.230966499715198 7.365984570830296   
137 1507 0.019147809523246424 7.9705641641304075 7.012586258258352 7.0125862582583522e+00 7.137005940097098 7.205257294239964   
138 1518 0.018225027544017194 7.899616525245165 7.012586258258352 7.0331268367182593e+00 7.187335374923412 7.473369956850283   
139 1529 0.01838098866078057 7.6826858996643 7.01021030765984 7.0102103076598397e+00 7.075824326901974 7.17030137675039   
140 1540 0.01844954798362936 7.742515699784275 7.00722685684131 7.0072268568413101e+00 7.14593900667247 7.442280981056723   
141 1551 0.018344752084585025 7.685107645290031 6.960848215850374 6.9608482158503744e+00 7.0797754202303445 7.179990944823393   
142 1562 0.018262544629423443 7.7682839013779965 6.954129085369814 6.9541290853698143e+00 7.054947868602669 7.152642080961874   
143 1573 0.018708968512212504 7.901949910307152 6.888138357420072 6.8881383574200719e+00 7.03937720978726 7.190015139351791   
144 1584 0.019215617207383788 7.819704680565042 6.8472419773541215 6.8472419773541215e+00 6.961032795673431 7.10560145830398   
145 1595 0.02006721815664559 7.941754435781047 6.8162981965877405 6.8162981965877405e+00 6.949554369763355 7.0524540578733514   
146 1606 0.020783671588868763 8.200365816526507 6.6858373154926625 6.6858373154926625e+00 6.949457850105122 7.041730021904379   
147 1617 0.02274671419471378 8.174726894764314 6.6495045727385325 6.6495045727385325e+00 6.813606625613039 7.043537592453787   
148 1628 0.025068431432430753 8.52431115311078 6.648039125657844 6.6480391256578439e+00 6.797475797830011 6.947527964744296   
149 1639 0.02700755749830032 9.013326704049982 6.593653339999474 6.5936533399994737e+00 6.839660807597175 7.243579336948862   
150 1650 0.028197006632275194 9.016343052378296 6.57322541125098 6.5732254112509798e+00 6.840228361789467 6.982682355386424   
151 1661 0.028989779339328798 9.406515104156263 6.57322541125098 6.6018091203623817e+00 6.825347695279776 7.169875323287493   
152 1672 0.029238443682570718 9.669999818923756 6.57322541125098 6.6443876392736216e+00 7.0339385996878745 7.380165643624059   
153 1683 0.028753867247131557 10.079597487889524 6.5244143192425135 6.5244143192425135e+00 6.8364510423667335 8.233088906280718   
154 1694 0.027845972810925036 10.098976138647387 6.427862274091761 6.4278622740917610e+00 6.621051152279824 7.226466079593525   
155 1705 0.026585682995624926 10.222373784324184 6.39942800142823 6.3994280014282303e+00 6.696597426511414 7.0279029691204045   
156 1716 0.026495392182636787 10.328459265825389 6.396568323216089 6.3965683232160888e+00 6.639313268477906 7.695693001315245   
157 1727 0.025045226029625396 9.926217894063653 6.396568323216089 6.4361446868479302e+00 6.602891216593633 6.723554509527176   
158 1738 0.02336829061033483 10.066362760264768 6.340572659268384 6.3405726592683838e+00 6.519554090298875 6.650982222248617   
159 1749 0.022467602333528257 10.265205074807696 6.340572659268384 6.3739691349797010e+00 6.447981811865662 6.7445565644271115   
160 1760 0.022917618616802127 10.316729213715938 6.197930908614145 6.1979309086141452e+00 6.406699798903421 6.613194014112573   
161 1771 0.023131332419587293 10.533565233630846 6.182908980097414 6.1829089800974142e+00 6.3578840222798245 6.582489702051686   
162 1782 0.02351045499917796 10.312465971663796 6.158839229908818 6.1588392299088177e+00 6.329117788686722 6.496455329384678   
163 1793 0.023132077971807986 10.28817329569237 6.158839229908818 6.2221947171075778e+00 6.361337348271455 6.412199451129097   
164 1804 0.02276267848369874 9.957060039762268 6.158839229908818 6.2367969084989543e+00 6.327043181009712 6.461521072682705   
165 1815 0.023390972195678393 10.063119084112364 6.158839229908818 6.1880380806725501e+00 6.330398597225231 6.539284474175071   
166 1826 0.023763344389561084 10.222595996796045 6.118510415196585 6.1185104151965852e+00 6.313209031879726 6.705702050646639   
167 1837 0.021556955197854444 10.34294968689664 6.027627287598823 6.0276272875988228e+00 6.296529031427748 6.514905205023263   
168 1848 0.02191849965740397 9.804458799212478 6.015523534420718 6.0155235344207183e+00 6.215457234762824 6.570299569531736   
169 1859 0.022993389025790786 10.088788554438269 5.977889158968729 5.9778891589687291e+00 6.199491729275216 6.329621140130497   
170 1870 0.0239830484463211 10.277429787714786 5.896822361559647 5.8968223615596473e+00 6.060994818379738 6.27854728523953   
171 1881 0.024658461943976938 10.450886586673677 5.896822361559647 5.9581949391809248e+00 6.031147419132897 6.321998011103413   
172 1892 0.02582899972935352 10.55333059792295 5.875823783409101 5.8758237834091007e+00 6.068161427878185 6.44509788860635   
173 1903 0.02693599909961324 10.528055680284531 5.875823783409101 5.8867432199966609e+00 6.09709373024989 6.6700196723641385   
174 1914 0.026489840101861367 9.972514321396691 5.875823783409101 5.8773289138010600e+00 6.015764338858666 6.36010559609106   
175 1925 0.02669262048504268 9.789901195735348 5.819509505685586 5.8195095056855859e+00 6.065466409880236 6.3448971636152365   
176 1936 0.026881168845489783 9.816547006246369 5.757724303388457 5.7577243033884571e+00 5.96376388569579 6.4107428973483085   
177 1947 0.02661035546286401 10.027645237317213 5.74952393078683 5.7495239307868298e+00 5.964146603950588 6.310631440826919   
178 1958 0.026962353732605606 9.818202852570156 5.665979210368629 5.6659792103686293e+00 5.783996386384556 6.074487440806545   
179 1969 0.027751367074282628 9.869300294342354 5.665979210368629 5.7061873833965144e+00 5.778430948712237 6.076852032811825   
180 1980 0.02691186472900202 9.89822215507553 5.632868545037911 5.6328685450379110e+00 5.829861985125773 6.237082525684102   
181 1991 0.026732035102402157 9.836497269955197 5.612929947155585 5.6129299471555854e+00 5.777789218166274 6.10307565151415   
182 2002 0.027620290998241655 9.798444093339826 5.522306330859917 5.5223063308599167e+00 5.753644138853233 6.133170587753872   
183 2013 0.02768985258051312 10.018355559260376 5.522306330859917 5.6027362720702865e+00 5.693007022496691 5.846514168322154   
184 2024 0.028119676816913363 9.914917348455583 5.522306330859917 5.5333300238165224e+00 5.7235179753310685 6.0921603032709895   
185 2035 0.028185256308297837 10.02445213296936 5.522306330859917 5.5832291876282456e+00 5.6959356180240865 5.968786266054423   
186 2046 0.027977242822709032 10.046375869750005 5.337135115087153 5.3371351150871531e+00 5.677098750290963 5.928686996508821   
187 2057 0.02919231741463182 10.184565648831795 5.337135115087153 5.4351335420379776e+00 5.5099488679604525 5.9786776710750935   
188 2068 0.03024269550779819 10.288142746255371 5.337135115087153 5.3988628922290163e+00 5.600597473810837 5.8873265832186386   
189 2079 0.029089285549148407 10.353110860253066 5.337135115087153 5.3671726297694677e+00 5.483848253937482 5.8510945633727225   
190 2090 0.0302971962678713 10.537927379563108 5.1924176610961394 5.1924176610961394e+00 5.461320513523379 5.556347313294065   
191 2101 0.032097624160412654 10.853775349517214 5.182349423696612 5.1823494236966123e+00 5.301338468501598 5.727922579464088   
192 2112 0.031048006787333743 11.41077246769451 5.178552927594302 5.1785529275943016e+00 5.5717544397942795 6.6977067017462275   
193 2123 0.02897490102820678 11.178354656096097 5.178552927594302 5.2274555054561329e+00 5.461188039697012 5.74556845636042   
194 2134 0.02769424076788915 11.412720820391675 5.158814626019937 5.1588146260199368e+00 5.29590754953591 5.540366169622405   
195 2145 0.02635201017730937 11.623717317229351 5.104138102735126 5.1041381027351260e+00 5.291794354314154 5.795270773513084   
196 2156 0.02535510391013769 11.389403594793619 5.082048372459916 5.0820483724599157e+00 5.285754846465535 5.507591503164356   
197 2167 0.024362315007808895 11.82335392988737 5.023951250998527 5.0239512509985271e+00 5.197554317514654 5.259392008701078   
198 2178 0.024427790549769755 11.70621517222403 4.978218801621036 4.9782188016210362e+00 5.089237347399054 5.2601731446582525   
199 2189 0.024884259330938296 11.652278218577518 4.978218801621036 4.9835155252519669e+00 5.106405511011086 5.377292113806258   
200 2200 0.024158557933700035 12.162704833546664 4.91834707001354 4.9183470700135397e+00 5.118161451495889 5.651486044321149   
201 2211 0.023367620801275173 12.051963051204948 4.91834707001354 4.9832041454105083e+00 5.13881235780214 5.485443508031083   
202 2222 0.02256893001032383 12.142353158229856 4.917911447269567 4.9179114472695673e+00 5.024875329891799 5.153389825867815   
203 2233 0.02194181410054501 12.063844379911032 4.917911447269567 4.9295385175680480e+00 5.001922367889119 5.245283623504002   
204 2244 0.022519060744140344 11.999668896537617 4.797236927509879 4.7972369275098794e+00 4.94482199707299 5.211044138142558   
205 2255 0.022999010575491925 12.055559799265247 4.779136535088585 4.7791365350885853e+00 4.868505399742241 5.198616190074994   
206 2266 0.022908897469023113 12.172019977049091 4.779136535088585 4.7869133021075640e+00 4.908458940737069 5.191755639147029   
207 2277 0.02185951906486288 12.45920874334963 4.759035187670982 4.7590351876709818e+00 4.894296041839526 5.213624976563287   
208 2288 0.020802486739656168 12.540894171876712 4.7269444553316475 4.7269444553316475e+00 4.8153397766258506 5.131217654353147   
209 2299 0.021229393345939183 12.347979338622713 4.7269444553316475 4.7857259583243916e+00 4.868282386291155 5.195554959100129   
210 2310 0.021231144166771004 12.36902498666571 4.7253676661129855 4.7253676661129855e+00 4.84613728961944 5.035652279827024   
211 2321 0.021948035955061916 12.168897236744032 4.601796643579511 4.6017966435795108e+00 4.7760046347266005 4.927084010399563   
212 2332 0.02383383880624416 12.850050771808156 4.601796643579511 4.6404429448921256e+00 4.765240528427644 4.869148773751436   
213 2343 0.024941778959368124 12.577676064413332 4.601796643579511 4.6351371905057555e+00 4.757064831141734 4.89565927582306   
214 2354 0.027124208117472938 12.459634848936854 4.581661037435323 4.5816610374353228e+00 4.811932987228403 5.053247823751071   
215 2365 0.03132087566530112 12.74993445057204 4.427117479015015 4.4271174790150152e+00 4.713407081727472 5.21662361928614   
216 2376 0.035193374581392996 13.036397790821885 4.427117479015015 4.4705142240538338e+00 4.635800980440518 5.046529895186569   
217 2387 0.03865548890091048 12.752959751937 4.405288784340185 4.4052887843401853e+00 4.686711243954085 5.028454223644122   
218 2398 0.040835485732445394 12.765840966177914 4.405288784340185 4.5444260574217168e+00 4.646763307141908 5.079929397884723   
219 2409 0.04135391117725865 13.008855425252046 4.405288784340185 4.4377405549283502e+00 4.579916515873011 6.200556600357446   
220 2420 0.04150703454899782 12.608944998690776 4.405288784340185 4.4373509502491864e+00 4.709092948205051 4.957685681648876   
221 2431 0.042397017822488246 12.39820048347053 4.405288784340185 4.4131043244638573e+00 4.803928158087608 5.2993720952771985   
222 2442 0.043760995712320325 12.371410877251137 4.316042620943738 4.3160426209437377e+00 4.8721225909963595 5.290672115670516   
223 2453 0.041494027070345364 12.48275731453715 4.313984873845069 4.3139848738450688e+00 4.715986540065524 5.3410794296979445   
224 2464 0.039033866669521 12.468133275730615 4.189421329217427 4.1894213292174269e+00 4.785937297232815 5.027241150230398   
225 2475 0.0363643299638362 12.559955096042053 4.189421329217427 4.2252230215103364e+00 4.459876354524948 4.894266648900414   
226 2486 0.032159594386348196 12.509128143972415 4.189421329217427 4.1947991760549952e+00 4.515204821240228 5.217586372372215   
227 2497 0.03075769910935428 12.614821241840072 4.189421329217427 4.2554855217167979e+00 4.383626875915489 4.772557795105933   
228 2508 0.02992496989582189 12.373516415168494 4.164474359021471 4.1644743590214706e+00 4.326941994694862 4.690137854759826   
229 2519 0.02829022184715952 12.278469372854623 4.164474359021471 4.1892095500604007e+00 4.377299294644545 4.693930108532207   
230 2530 0.026082783455064866 12.24061922805789 4.0761392213960495 4.0761392213960495e+00 4.2406002082780585 4.4412918148233995   
231 2541 0.025445613024135536 12.162454218791225 4.046932866927123 4.0469328669271230e+00 4.234100314763422 4.44131082952683   
232 2552 0.023435239841650468 12.057091223666568 4.046932866927123 4.0610969986525021e+00 4.166813612538065 4.266362545330145   
233 2563 0.022486057385248278 12.109964775904645 4.046932866927123 4.0528102779717168e+00 4.123886388838375 4.293610231694423   
234 2574 0.02159201728349527 12.142280516503586 3.9878924210079427 3.9878924210079427e+00 4.136045532990136 4.358924685538205   
235 2585 0.021804880670930952 11.799287843658076 3.9673850049088095 3.9673850049088095e+00 4.053823025641743 4.090646613627749   
236 2596 0.022069397431440076 12.052516013792468 3.952708660373481 3.9527086603734811e+00 4.099801354597269 4.235213487614475   
237 2607 0.021084437624163718 12.234930258042048 3.952708660373481 4.0252292490672712e+00 4.064420984589164 4.2878473769263294   
238 2618 0.020111213406407816 12.501766732331896 3.938527146696329 3.9385271466963290e+00 4.037931432450492 4.276618071019329   
239 2629 0.0184068636317861 12.407148403041338 3.938527146696329 3.9894360481224060e+00 4.045922897538354 4.161298913515516   
240 2640 0.016797153699169707 12.493501013231786 3.910608938430401 3.9106089384304008e+00 4.011116551236336 4.104663600454912   
241 2651 0.015948473169022512 12.496580875276804 3.8851504619076143 3.8851504619076143e+00 3.9519870429674326 4.0653533210801625   
242 2662 0.016178113160157905 12.32578514387164 3.8628066422775222 3.8628066422775222e+00 3.915553473791289 4.052714531414109   
243 2673 0.017471358702634224 12.054600468781208 3.8305849145384876 3.8305849145384876e+00 3.9009218555867715 3.989430576331447   
244 2684 0.018522035799363738 11.889373030583984 3.78655083468254 3.7865508346825401e+00 3.864489174569745 3.9605605711409924   
245 2695 0.018061181573436894 12.276832070295463 3.7688072401254917 3.7688072401254917e+00 3.8535229707915715 3.9176399812407356   
246 2706 0.018487505217154688 12.166710808999973 3.7688072401254917 3.7705227461400734e+00 3.825746310501594 3.8612065763449914   
247 2717 0.019100188919003266 12.222874771139113 3.7688072401254917 3.7841828507094841e+00 3.8281024968982424 3.9262466912937617   
248 2728 0.019915365354518256 12.436564595042872 3.7532579988464354 3.7532579988464354e+00 3.823536947887077 3.938339265496544   
249 2739 0.019989463969373397 12.277843957740567 3.732211718494976 3.7322117184949759e+00 3.844928918141636 3.8847737643178935   
250 2750 0.02046742851579396 12.42890082184559 3.6900661559763788 3.6900661559763788e+00 3.833669613119728 3.9434020149289006   
251 2761 0.021534303848198832 12.611957890403303 3.6900661559763788 3.6914195600522741e+00 3.767715549850081 3.92844022314356   
252 2772 0.023024497173743195 12.988647001880228 3.5867552431785845 3.5867552431785845e+00 3.766760328792526 3.9335275396537908   
253 2783 0.024647893068612748 13.2061059339559 3.5867552431785845 3.5948625714298506e+00 3.6662380914268407 3.8292626586591405   
254 2794 0.026975355484617002 13.418251999279176 3.5383877501946523 3.5383877501946523e+00 3.683677061205253 3.869129617577091   
255 2805 0.029068847032927198 13.370499675874997 3.4660724980460422 3.4660724980460422e+00 3.5980045172045036 3.7595422547008295   
256 2816 0.0316858625917284 14.278349337940007 3.4304468937091603 3.4304468937091603e+00 3.621082787142373 3.928889965266095   
257 2827 0.032822485569607054 14.705141707711885 3.4304468937091603 3.4491135674841309e+00 3.5042499196009658 3.866272615580198   
258 2838 0.03503040289915224 14.926824239125288 3.3305210107303322 3.3305210107303322e+00 3.5571728275770766 3.7975040637806328   
259 2849 0.03709192777174564 15.509784151288438 3.3305210107303322 3.4037067239818599e+00 3.570659975865442 3.9688695321345326   
260 2860 0.03973676819808707 16.063249627292695 3.3305210107303322 3.4112209547182402e+00 3.5798732911112223 3.940067067576784   
261 2871 0.03789202176560435 16.037887566629486 3.30935893209647 3.3093589320964698e+00 3.7069784016816767 4.368202153367834   
262 2882 0.03399368349403108 16.056373533410248 3.30935893209647 3.4145676465885684e+00 3.5359909981138986 3.889462497432109   
263 2893 0.03135531448963333 16.38829941392071 3.30935893209647 3.3245968839426574e+00 3.556457925430852 3.660640480207364   
264 2904 0.03014248488163106 16.654714159966222 3.2527356471257027 3.2527356471257027e+00 3.4189267931990317 3.8338145120660325   
265 2915 0.028596149929085334 16.570006452803703 3.184315704270974 3.1843157042709742e+00 3.3380896032663205 3.6387047991120127   
266 2926 0.025701992259435598 16.38180784188127 3.171504454556648 3.1715044545566480e+00 3.289992416655182 3.542877140211027   
267 2937 0.027014154975868124 15.747411728295953 3.1335440758613142 3.1335440758613142e+00 3.2898919397062087 3.3633706665122736   
268 2948 0.029311281307019182 16.469315333509083 3.1335440758613142 3.1440043485431062e+00 3.2172046658067237 3.4423925721176376   
269 2959 0.029436950187169488 16.583423091989943 3.1335440758613142 3.1346594263273531e+00 3.271345218242222 3.5990460150875707   
270 2970 0.029444112267624147 16.52794723771273 3.0891486063448728 3.0891486063448728e+00 3.2464963956214854 3.4178910812279133   
271 2981 0.0302804642565367 16.59029330276168 2.9925517303591302 2.9925517303591302e+00 3.159211465463148 3.3496603348374046   
272 2992 0.032209694619797655 17.235753884543854 2.9925517303591302 3.0372109882673626e+00 3.1396466816445856 3.274830308374076   
273 3003 0.03207097812637404 17.07285409638038 2.9925517303591302 3.0192390300134901e+00 3.2055053634229265 3.621452756323891   
274 3014 0.032486113093927224 16.91558381863509 2.984583485973279 2.9845834859732792e+00 3.1350766090679456 3.384199348556226   
275 3025 0.03369547640940671 16.782181476414618 2.839347503157263 2.8393475031572630e+00 3.063937379934001 3.5517718718091342   
276 3036 0.03627087070941721 16.041953996897917 2.8349907574815543 2.8349907574815543e+00 2.974289770936021 3.1578444357731166   
277 3047 0.036090172473316064 15.91714855073073 2.8349907574815543 2.8796221525408665e+00 3.083553195313549 3.5155378985430534   
278 3058 0.03435144383903873 15.981695997996862 2.8349907574815543 2.8794274865552736e+00 3.1258747440024663 3.3394886907306818   
279 3069 0.03253609930444138 15.727436366818827 2.8349907574815543 2.8576274385603888e+00 3.0362485031446655 3.149970627449697   
280 3080 0.03295802776357621 15.746113830195371 2.8349907574815543 2.8507825810677914e+00 2.978484450732716 3.114677452404564   
281 3091 0.03409321797538798 15.882424329464927 2.8349907574815543 2.8683539706281671e+00 2.990477084494537 3.6706598739520553   
282 3102 0.03426719387040148 15.90225080343416 2.7558085334956544 2.7558085334956544e+00 3.037748924521526 3.328325865297704   
283 3113 0.03387988307884453 15.829664771730354 2.689923318485903 2.6899233184859028e+00 2.890113194179938 3.15933385585942   
284 3124 0.03628295082735769 15.661896653276955 2.5178951016731563 2.5178951016731563e+00 2.8100364018132615 3.002527782412002   
285 3135 0.039266805060031953 15.83926709347977 2.5178951016731563 2.6421901107175838e+00 2.7297238597824394 2.8551995947282   
286 3146 0.043799926099950905 15.798949424327406 2.4579123636304083 2.4579123636304083e+00 2.7553533084057347 3.2174480500143066   
287 3157 0.05050701683495438 15.866353653924534 2.367983904914624 2.3679839049146238e+00 2.723806059681143 3.6572733847260057   
288 3168 0.05303033357036505 15.580426832884093 2.367983904914624 2.4960704304722579e+00 2.7430439263695368 3.020997185475099   
289 3179 0.05312328525999602 15.480945265307449 2.367983904914624 2.3905428358426852e+00 2.8906331001717938 3.5900829765296667   
290 3190 0.05315363524581943 15.531296823750857 2.367983904914624 2.4505601841552087e+00 2.756447920695506 3.3207406227796668   
291 3201 0.04931102254038649 15.568206741346854 2.367983904914624 2.4393935295586595e+00 2.845904232179635 3.183121635957061   
292 3212 0.04782109427590482 15.611579699575305 2.367983904914624 2.4341098930883236e+00 2.6846398954331585 2.987666658572881   
293 3223 0.045066179478103416 15.56224809452252 2.339167311666049 2.3391673116660492e+00 2.732874641774317 3.151417636574828   
294 3234 0.04406648528311956 15.649932972136167 2.336027100313193 2.3360271003131929e+00 2.6103064569795285 2.7748869915560874   
295 3245 0.04374595436662307 15.42280101075861 2.336027100313193 2.3562508687503394e+00 2.452151063424099 2.9282016751382716   
296 3256 0.04018623727242265 15.553194420339777 2.2976062419201444 2.2976062419201444e+00 2.4558623400281787 2.8909861837597606   
297 3267 0.03901698217759068 15.531713063122732 2.2976062419201444 2.3273064208799035e+00 2.4377905436094447 2.824253163235693   
298 3278 0.03893330676948305 15.851751849838086 2.2432417039231103 2.2432417039231103e+00 2.412256913004184 2.899939209288272   
299 3289 0.04015634019312503 16.08994622692105 2.1403521027603487 2.1403521027603487e+00 2.4802366841891157 2.789324631919926   
300 3300 0.04083949663019391 16.401796782169622 2.102573571579279 2.1025735715792790e+00 2.316030919355613 3.0499847626249172   
301 3311 0.036768896597736064 16.875449075044894 2.102573571579279 2.1298951731056137e+00 2.309009552699677 3.1375409712224784   
302 3322 0.03481238425663136 16.83733788837767 2.092600853684561 2.0926008536845608e+00 2.2368500147777235 2.421290340241823   
303 3333 0.034164253965617314 16.48962865519974 1.9629397036521863 1.9629397036521863e+00 2.1940729312022276 2.489297472345242   
304 3344 0.033597535507821574 16.85072750442148 1.9629397036521863 2.0389126333665848e+00 2.1720353554851535 2.305890755669333   
305 3355 0.03293708815720338 16.87167713921045 1.9629397036521863 2.0671742813398004e+00 2.249199951942429 2.4559089067180593   
306 3366 0.03115796552314082 16.613042757345053 1.8537210771662433 1.8537210771662433e+00 2.1947337901911044 2.482007409223457   
307 3377 0.03043751205672595 16.489482834335032 1.8537210771662433 1.8556426136045756e+00 2.0442075824135895 2.071914785873881   
308 3388 0.028257556314434797 16.268366906412442 1.8537210771662433 1.9053978297692633e+00 2.0029829151722374 2.109291403834914   
309 3399 0.02702155543994494 16.601879582802447 1.8537210771662433 1.8772793383334163e+00 1.9573126587302347 2.2107885709226904   
310 3410 0.0262042199200057 17.178838982083665 1.8537210771662433 1.8543754139168940e+00 1.9481243931915446 2.15261428935674   
311 3421 0.025351635182144693 17.155056073418496 1.7996400063211038 1.7996400063211038e+00 1.8955639931971313 2.0236381100439194   
312 3432 0.024892697882153685 17.251047618755628 1.7972471266046037 1.7972471266046037e+00 1.9040452188608297 2.199808458293286   
313 3443 0.025497281675103945 16.35951194289176 1.7023379276903963 1.7023379276903963e+00 1.8512338093884473 2.174550715317375   
314 3454 0.02643378405456976 16.78172261464182 1.7023379276903963 1.7823859994319156e+00 1.839467847499325 2.0910161183992093   
315 3465 0.026827859215339367 16.52663500754638 1.7023379276903963 1.7226051047074038e+00 1.8283314918129179 1.9816088195091117   
316 3476 0.02605403191917513 16.183623966681928 1.701536857848085 1.7015368578480849e+00 1.7847201109057422 2.100674243148489   
317 3487 0.026488145136935322 16.074092063502686 1.6902672253756688 1.6902672253756688e+00 1.7643784759905508 1.8705481686825918   
318 3498 0.025394318339433425 16.84066842009413 1.6902672253756688 1.7012785890718354e+00 1.7364573802344316 1.9536127808913109   
319 3509 0.02446582556114551 16.914907958730893 1.6902672253756688 1.6927214886780364e+00 1.7879647727467927 1.8410390997715167   
320 3520 0.023847100856081604 16.944257446760282 1.6225209436902248 1.6225209436902248e+00 1.6891887025787617 1.9527024935704183   
321 3531 0.023205083833777375 17.658860251717428 1.60055848722937 1.6005584872293701e+00 1.7123784184778805 1.843228330451529   
322 3542 0.02494768899899359 17.731209885143656 1.5716540707936502 1.5716540707936502e+00 1.6742471334772586 1.8840929300273772   
323 3553 0.026577684693723715 17.54806140281668 1.5577194166061434 1.5577194166061434e+00 1.6603765824424075 1.960735174950992   
324 3564 0.0292289463532141 17.32270531361239 1.5048119069341879 1.5048119069341879e+00 1.6346380425287095 1.7700358575686295   
325 3575 0.030275288980047287 17.565709143615816 1.4878701288272023 1.4878701288272023e+00 1.5957273355067234 1.6916990746659646   
326 3586 0.03144971456649665 17.898509765906873 1.483389096300941 1.4833890963009411e+00 1.5918553078205144 1.8106932085913485   
327 3597 0.0330455904203798 17.524514979755544 1.4278667658925586 1.4278667658925586e+00 1.5584725577345209 1.730473676196481   
328 3608 0.03501446362541114 18.187402868913594 1.3677313387188916 1.3677313387188916e+00 1.5067957053070056 1.6973476216912036   
329 3619 0.03711979355396587 18.472296533260923 1.3677313387188916 1.3803537266774697e+00 1.5013899034227705 1.9135162964539547   
330 3630 0.040374330547426514 18.589895056009553 1.3282055411020677 1.3282055411020677e+00 1.5280728405611845 1.7512191164030289   
331 3641 0.04415914512321895 18.178805227056582 1.2231571649868849 1.2231571649868849e+00 1.4210199893274809 1.863810169801166   
332 3652 0.0443561147448563 19.064939346453777 1.2231571649868849 1.2323652778421812e+00 1.485329499771657 1.7009430238634828   
333 3663 0.04401905210515998 18.78742579449898 1.2231571649868849 1.2719607773286650e+00 1.487052795164603 1.7025135289782585   
334 3674 0.041015323769884926 18.992334217566814 1.2231571649868849 1.2295480661013740e+00 1.409290795525728 2.061678675154801   
335 3685 0.04214935028612924 19.03149252388147 1.2231571649868849 1.3844046957256153e+00 1.5402441983516217 1.9452204393523296   
336 3696 0.0414598140149688 19.202692224260407 1.2231571649868849 1.2812023095094447e+00 1.5286392250038587 1.8790588186499577   
337 3707 0.03981032368319175 18.686084449153146 1.2231571649868849 1.3755870262156455e+00 1.5531567763434784 1.892324395007529   
338 3718 0.04124547435598049 18.809537967657377 1.2231571649868849 1.2331564430558426e+00 1.4388107048641565 2.21073262677087   
339 3729 0.041321647091430665 17.72943903002112 1.07842320940268 1.0784232094026800e+00 1.2740847594105662 1.6884760374310321   
340 3740 0.04091036956303 17.940117813184138 1.07842320940268 1.0807423650951347e+00 1.3210040655059958 1.6378627658698677   
341 3751 0.039200660941619975 17.81552923304783 1.0449092602090793 1.0449092602090793e+00 1.1759792591187526 1.4531621325394888   
342 3762 0.03978963916493103 18.059733004151695 1.0391312853039552 1.0391312853039552e+00 1.20658929572643 1.3509631838017315   
343 3773 0.037480770623411964 18.49864203993619 1.0225282906354498 1.0225282906354498e+00 1.2266940078842916 1.5980924194777921   
344 3784 0.03621443787113864 18.167521034035353 1.0225282906354498 1.1034320457189559e+00 1.2300645320772636 1.3731794161158528   
345 3795 0.03457387646590628 18.29007444081398 0.9470994393102026 9.4709943931020257e-01 1.1042516133397204 1.2747669403015567   
346 3806 0.032830983325612566 18.23852863373664 0.9470994393102026 9.8939301809856484e-01 1.1037737242021244 1.1665469193472933   
347 3817 0.030681104158054945 18.25048992182366 0.9470994393102026 9.4866404890948663e-01 1.134679122766463 1.3862495691546848   
348 3828 0.030449079327187354 17.702232387933716 0.9304491758619574 9.3044917586195741e-01 1.0783059950367686 1.2058396044839417   
349 3839 0.0306470085067514 17.687836921201267 0.9304491758619574 9.6260859906603069e-01 1.0649603941580454 1.1794468885093539   
350 3850 0.029935905841268096 17.475104700093674 0.9304491758619574 9.3813459326600745e-01 1.0278745162675313 1.2418173934168526   
351 3861 0.03159645782187041 17.031348364917825 0.9304491758619574 9.4014420857383518e-01 1.0213096678708917 1.105451855046696   
352 3872 0.03318893064604435 17.148144302317867 0.8643048930430324 8.6430489304303237e-01 0.986224608242708 1.1461996459924437   
353 3883 0.03186072979783992 16.81862484886764 0.8550064323171196 8.5500643231711959e-01 1.0068655420217802 1.2657201355378387   
354 3894 0.03196416735930695 16.65868640743683 0.8550064323171196 8.9494609546206350e-01 0.9275103151357442 1.0845131369430043   
355 3905 0.03098479695566175 17.13184060308365 0.7894641525465145 7.8946415254651447e-01 0.9523103738830762 1.0187323759344022   
356 3916 0.031809219228098484 17.658341432948028 0.7768095074812824 7.7680950748128241e-01 0.9121725262426957 1.11578650904849   
357 3927 0.032313369251314075 18.439714337849356 0.7744442107337268 7.7444421073372682e-01 0.8602987629736183 1.091016930789685   
358 3938 0.031817207758109346 18.309984764848327 0.7707515847225681 7.7075158472256811e-01 0.8488171142388201 0.9432301059628135   
359 3949 0.030922208511626935 18.459587061619853 0.7707515847225681 7.7833978002200332e-01 0.8729931609559076 1.0703577706289953   
360 3960 0.03032514401831398 18.621944810478908 0.734723311112514 7.3472331111251399e-01 0.8243070672342759 1.1282525188865966   
361 3971 0.030568976021656508 18.049941529074378 0.7244331424794581 7.2443314247945811e-01 0.7545085810820905 0.8840672364295303   
362 3982 0.02815170170306626 17.816829299393465 0.7244331424794581 7.3682858720891820e-01 0.7654247592719374 0.9626299543926536   
363 3993 0.027192060138065886 17.481464537009202 0.6661999033724904 6.6619990337249035e-01 0.7439712378078804 0.8851456633338101   
364 4004 0.025939182714135502 18.06701428637982 0.6661999033724904 6.7089611445656772e-01 0.7323574698151961 0.7907208068852104   
365 4015 0.025947753670924126 18.29611141290939 0.6661999033724904 6.8468152667851689e-01 0.7267935556004064 0.8016689976706168   
366 4026 0.024482593481384356 17.834543912615295 0.6406915010131651 6.4069150101316508e-01 0.7512588488311824 0.8615928276234086   
367 4037 0.023167106585618255 16.668574672213513 0.6406915010131651 6.5903272730665852e-01 0.7008212081952773 0.7397466490543017   
368 4048 0.02233905829797825 15.769116314588517 0.6196496635823671 6.1964966358236706e-01 0.6926467761527122 0.7517673348235905   
369 4059 0.022861668320666235 15.92377123552982 0.6196496635823671 6.3224078190212152e-01 0.6953687961512864 0.7142262691359196   
370 4070 0.023504833352054107 16.21733715534628 0.6092065531445514 6.0920655314455141e-01 0.6926095814080384 0.8533012256218742   
371 4081 0.023578550308755483 16.178480518818663 0.6092065531445514 6.1795189152243402e-01 0.6634488888262999 0.7641599254054712   
372 4092 0.025019935817945718 16.387815376673224 0.6092065531445514 6.1872505288740565e-01 0.6663080068490337 0.7150883060571489   
373 4103 0.0263740135108209 16.564445645777308 0.6092065531445514 6.2442052139651572e-01 0.6692042962920175 0.7382270463813252   
374 4114 0.02558117516297806 16.60236756169512 0.6069239194054924 6.0692391940549240e-01 0.6683281233515646 0.7364091414226148   
375 4125 0.02526591067910123 16.798504472991105 0.5876788978324639 5.8767889783246385e-01 0.6472505999432694 0.7281203327251788   
376 4136 0.025153597940680495 16.917554478109732 0.5876788978324639 5.9738324817351696e-01 0.639981021880905 0.756970012182551   
377 4147 0.02647817875820563 16.884625364486443 0.5831967233335424 5.8319672333354244e-01 0.6538269719660298 0.7532037279739208   
378 4158 0.02554797390855716 16.92037929010604 0.540387739919837 5.4038773991983702e-01 0.639850284684273 0.7501975000722787   
379 4169 0.02561892585119334 16.933855216312022 0.536256155763837 5.3625615576383701e-01 0.5949582242882853 0.6441216670067391   
380 4180 0.024414907260307858 17.16036664585121 0.5339665094273398 5.3396650942733981e-01 0.5825998342011716 0.638300635566573   
381 4191 0.024315652374481675 17.231011520163907 0.5339665094273398 5.3610431927553304e-01 0.5587387627612538 0.6249028758806214   
382 4202 0.0240832096828172 17.224082882228856 0.4887510154572453 4.8875101545724531e-01 0.5530963558338304 0.6105838388838303   
383 4213 0.024820437728275205 17.412909922680647 0.48250846235667655 4.8250846235667655e-01 0.539640322110519 0.6166898055894936   
384 4224 0.027253748005296386 17.282192302482144 0.48250846235667655 5.2248182371857532e-01 0.5303003345297073 0.6152682789215335   
385 4235 0.0280741573264783 17.119745141374903 0.4740543277679279 4.7405432776792789e-01 0.5339859970345484 0.6207430307922474   
386 4246 0.028804717235858403 17.38419958914361 0.4740543277679279 4.7546205664008495e-01 0.5157218135231688 0.7286395468222624   
387 4257 0.028740031294713645 17.566738053537037 0.4579287599665127 4.5792875996651272e-01 0.49516974685167325 0.5820712088455948   
388 4268 0.0309738050184479 17.87685289791466 0.39097303205544137 3.9097303205544137e-01 0.49639733124449803 0.5827308218005487   
389 4279 0.03436257412565268 17.700183044187384 0.39097303205544137 4.2160950472779435e-01 0.4624114772748008 0.548778160202386   
390 4290 0.035249681335255176 18.43950820794849 0.39097303205544137 4.2636201270524565e-01 0.468950937015042 0.847254044871812   
391 4301 0.03348854121970912 18.275366757101796 0.39097303205544137 4.1775157244458061e-01 0.5193018308382543 0.6585958969107527   
392 4312 0.031645028880290596 18.61598643961376 0.39097303205544137 4.3306001892733553e-01 0.470739281406094 0.61097611984897   
393 4323 0.031271128136537436 18.727061298593476 0.39097303205544137 4.0806304520467923e-01 0.4431389797504431 0.5026449520612049   
394 4334 0.029811426133319635 19.088854839856314 0.39097303205544137 4.1047793340954075e-01 0.4765852208757574 0.5565139640981854   
395 4345 0.028395093354124757 19.071724103314075 0.3894781715697967 3.8947817156979669e-01 0.5000189413407208 0.541187720166483   
396 4356 0.02758426173752317 18.384559387541678 0.3894781715697967 3.9745897092615323e-01 0.4617241228557635 0.4967377702304997   
397 4367 0.0262847458570643 18.267732140455685 0.3894781715697967 4.0729269755699959e-01 0.4381354410235085 0.507596863000804   
398 4378 0.023814040231504296 18.42679543354403 0.3894781715697967 3.8980521497103471e-01 0.4690169572308325 0.5640162984269872   
399 4389 0.023324915099572567 18.698443681442793 0.3701959420311931 3.7019594203119310e-01 0.4117162515592624 0.5066700018626396   
400 4400 0.021750584486920212 18.225751095596166 0.3701959420311931 3.8170176687120738e-01 0.4073932016449846 0.4898293632254447   
401 4411 0.02198862540311808 18.091020867664415 0.3255621291517618 3.2556212915176180e-01 0.3929755417397126 0.4324998841064621   
402 4422 0.02222935808768932 18.341179428643997 0.3255621291517618 3.5335323334805241e-01 0.3725683187839614 0.4812015590139687   
403 4433 0.022276737058745662 18.289613349267064 0.3255621291517618 3.3430590620189371e-01 0.38053837197440127 0.4569432811813072   
404 4444 0.023983160084116745 18.523037126835124 0.3148656836266853 3.1486568362668532e-01 0.3553620391204139 0.4051478960560981   
405 4455 0.024188872011288925 18.25894292295681 0.3148656836266853 3.1491500380307558e-01 0.3553872594430265 0.39054767435223703   
406 4466 0.0238664486191116 18.749393285808342 0.30927865054264864 3.0927865054264864e-01 0.34615973324478294 0.3975028271229227   
407 4477 0.022602461538477482 19.203135360761365 0.29527680345480123 2.9527680345480123e-01 0.3397414570277507 0.3745811708064847   
408 4488 0.02319775849918786 19.52349644227669 0.28644566178051445 2.8644566178051445e-01 0.32389211940993035 0.37120503039716835   
409 4499 0.02373115402665129 20.02042656390839 0.2827424037848987 2.8274240378489868e-01 0.3020052307187701 0.35875270915242635   
410 4510 0.02519583578698757 20.825313686673304 0.2682038831806449 2.6820388318064492e-01 0.30846306050122096 0.34211182743701285   
411 4521 0.0256358114506851 21.790930482464823 0.2682038831806449 2.7567839038554304e-01 0.30371596424217595 0.3642642608144362   
412 4532 0.025794379508004676 22.63624178328616 0.2682038831806449 2.6901537340101078e-01 0.2973630620890252 0.4416106354178162   
413 4543 0.02650902883535251 21.971876822122265 0.2623744394062961 2.6237443940629612e-01 0.2943524676471605 0.3677924558071781   
414 4554 0.02596778822593502 22.59998905779731 0.22619651531059182 2.2619651531059182e-01 0.27765433701711145 0.3171953626268392   
415 4565 0.024840066914882664 23.10347604264742 0.22619651531059182 2.2953395150694109e-01 0.25276954182679334 0.2849994263243819   
416 4576 0.02419701344044493 23.863825319423448 0.22385466324502123 2.2385466324502123e-01 0.2452173259391962 0.2821350023160831   
417 4587 0.024669196421919476 25.12467513616941 0.22222659391307642 2.2222659391307642e-01 0.24112523175773035 0.3839530386499419   
418 4598 0.02483732949395629 24.564868928674077 0.19517092209196965 1.9517092209196965e-01 0.23965518075153816 0.3033077111309608   
419 4609 0.024791419219710502 23.694506769207273 0.18083715275071363 1.8083715275071363e-01 0.2174321765983101 0.26863775128856004   
420 4620 0.025060689777397317 23.90314718842886 0.1765191094761724 1.7651910947617239e-01 0.2076148801234566 0.26628336946253195   
421 4631 0.02721328410056776 24.510259074181064 0.14797596862297924 1.4797596862297924e-01 0.18297302174454144 0.26973517873543384   
422 4642 0.02981855743643005 25.15945605714953 0.14564733675449051 1.4564733675449051e-01 0.1757872558632852 0.22104400519530737   
423 4653 0.0304254438432302 26.471684242737407 0.14564733675449051 1.6148492964159022e-01 0.2144021420796515 0.2729661714571424   
424 4664 0.028779707744450746 26.6936505342823 0.14564733675449051 1.7869324472598141e-01 0.24812723182068253 0.49217208582103045   
425 4675 0.02764046090481162 27.15984175531966 0.14564733675449051 1.5738439260909148e-01 0.1951318630803024 0.24775289689272506   
426 4686 0.02715118001864479 26.706199216973545 0.14564733675449051 1.5292530556723952e-01 0.19940871630620224 0.22779819500049675   
427 4697 0.02701394308018406 25.890427393497138 0.14564733675449051 1.4931072391111977e-01 0.19395153867040377 0.2487139675908453   
428 4708 0.026612074320351255 26.787400164821094 0.14564733675449051 1.5142959284836854e-01 0.17947253952047154 0.2166532483026652   
429 4719 0.026586251173623263 26.962718990748375 0.11297955888538729 1.1297955888538729e-01 0.18469600106853062 0.25050016363005945   
430 4730 0.02855488344153126 27.978679219343025 0.10985505111825125 1.0985505111825125e-01 0.16328052325307246 0.19726074864680138   
431 4741 0.028412814771510673 29.636822815998364 0.10985505111825125 1.3718165067030996e-01 0.1593065557754325 0.22037187973893044   
432 4752 0.028784238016473715 30.0130861971096 0.10985505111825125 1.2180060038608836e-01 0.16611138768181388 0.30587517150344057   
433 4763 0.029542446516615375 32.056543945907464 0.10985505111825125 1.1500122835847494e-01 0.16595523802647671 0.29446949396716726   
434 4774 0.028909780332217225 32.47092801436523 0.10985505111825125 1.3373625105023895e-01 0.18949267562027683 0.41667768359401985   
435 4785 0.0278721204938112 32.27562327699826 0.10985505111825125 1.1117600070967837e-01 0.15469348070660202 0.24832969835277358   
436 4796 0.02689011487334821 31.809162779189744 0.09806139458215168 9.8061394582151684e-02 0.1343755738810356 0.2060238857556   
437 4807 0.02624599995245577 32.828184236018316 0.09806139458215168 1.0525753504218160e-01 0.14125024608656808 0.27788423697170295   
438 4818 0.025069641331345413 31.92870509243466 0.08650840642276032 8.6508406422760323e-02 0.13439889719412743 0.21772919597487367   
439 4829 0.023977982959886224 31.242903317472507 0.08650840642276032 9.4585267208018228e-02 0.12699434589741254 0.18755553859393886   
440 4840 0.022501921267160337 30.890813635172773 0.08650840642276032 9.0149436489367060e-02 0.10705467342645131 0.19316255113446024   
441 4851 0.02029200325076216 29.80501876565066 0.08355286455340355 8.3552864553403550e-02 0.10995739368644408 0.18444381661234951   
442 4862 0.018351161281324798 29.180483204686414 0.06900651350043843 6.9006513500438432e-02 0.11000567147618776 0.12106108870578648   
443 4873 0.01746022743814201 29.343372939335485 0.06900651350043843 7.4474875411645339e-02 0.09402449516300634 0.12138004060130074   
444 4884 0.01627381069323628 29.43603147744995 0.06900651350043843 6.9048593513126422e-02 0.08609474569529288 0.11558601939696755   
445 4895 0.01603589268401531 29.333797562544945 0.06025470216608768 6.0254702166087679e-02 0.0746108693144392 0.1110139422907431   
446 4906 0.017158099230586876 28.703196201850673 0.06025470216608768 6.2053323027975851e-02 0.07848242034302616 0.09865966534066986   
447 4917 0.017014375016380503 29.621953412827352 0.06025470216608768 6.3907113851560324e-02 0.07847556002512766 0.09850006186247284   
448 4928 0.016607132923641528 29.740976197136156 0.04845446429897142 4.8454464298971420e-02 0.07215416610791514 0.09090486293684522   
449 4939 0.016974392416228796 29.883579674816737 0.04845446429897142 6.0450656271134218e-02 0.06742732852477384 0.08358549661836318   
450 4950 0.01646673611311653 29.21767545261535 0.04845446429897142 5.9632605219862390e-02 0.07913965600687026 0.08833529462796487   
451 4961 0.01640475488460809 29.188212240076936 0.04845446429897142 5.9913350385981286e-02 0.06584102460140252 0.08991063487057874   
452 4972 0.015833360488279644 29.20118986982639 0.04845446429897142 5.1263368014665509e-02 0.06937753159668629 0.0806584230384042   
453 4983 0.015604640740404904 30.189551375659285 0.04845446429897142 5.0320125403393902e-02 0.061769428704261456 0.08696607508727802   
454 4994 0.015852480547195173 31.132663694853516 0.04845446429897142 4.9248368423248007e-02 0.05726404839849771 0.07550600632402885   
455 5005 0.015351718472552286 31.02037639392344 0.043926440438576075 4.3926440438576075e-02 0.05631343945754086 0.08191047581884114   
456 5016 0.014918229188981506 31.926868675995635 0.03921158232290184 3.9211582322901839e-02 0.056330276919204766 0.07072673455634002   
457 5027 0.014140033261585099 32.16686282214115 0.03921158232290184 4.0672423891330321e-02 0.05241671227453526 0.07169332252233174   
458 5038 0.012867885461618352 32.63001397037701 0.03921158232290184 4.0585959650026024e-02 0.045909903448734524 0.05732037410349212   
459 5049 0.01280429921870035 33.94051650948714 0.03583212707722574 3.5832127077225738e-02 0.04497726400895525 0.04908024165062713   
460 5060 0.01274959412029778 34.61446876263553 0.034452516275127444 3.4452516275127444e-02 0.04024520610796922 0.044941396812714376   
461 5071 0.012519619612472289 34.35765618537416 0.0327547221014364 3.2754722101436401e-02 0.04288666675325721 0.05228039134853984   
462 5082 0.011367465539725665 35.01943852469366 0.031903940117190534 3.1903940117190534e-02 0.0389112077756638 0.04661292763406073   
463 5093 0.010961249924443858 34.605283676674276 0.027202015707754035 2.7202015707754035e-02 0.03614998521839073 0.04240007134051302   
464 5104 0.011188104562824694 34.45820499318085 0.027202015707754035 2.9030711948599779e-02 0.032345039589885244 0.04163933302707968   
465 5115 0.01182002010494162 36.380803223271435 0.027202015707754035 2.8167598771150958e-02 0.032711970672496635 0.03603468715727248   
466 5126 0.013220760782523058 37.04220224485745 0.02228255759283215 2.2282557592832149e-02 0.033050615464336325 0.037537726903972744   
467 5137 0.01598253914629774 37.29115034415592 0.02228255759283215 2.4900107460580946e-02 0.030218827367702056 0.036308202253646116   
468 5148 0.018519219629512845 36.8273006836244 0.02228255759283215 2.3094765351374801e-02 0.030333552435798865 0.04116906478364697   
469 5159 0.019658151024130485 38.3918796808416 0.021015588696350576 2.1015588696350576e-02 0.031126402461135582 0.05278190706694219   
470 5170 0.020113392767224552 38.78019861947276 0.021015588696350576 2.2463382702442577e-02 0.03920928210606403 0.05815249965758186   
471 5181 0.01965408461405403 37.5066794959914 0.020578772756503896 2.0578772756503896e-02 0.03267458337032587 0.05153054627907336   
472 5192 0.019619543628517047 37.88927563435394 0.020578772756503896 2.1423405203744979e-02 0.02760953634956935 0.04667508215959206   
473 5203 0.01968503908828499 37.403049371279145 0.020578772756503896 2.1031444014503655e-02 0.028429481135758893 0.057216943785358534   
474 5214 0.0191321903986825 38.765318682708845 0.014742843954543498 1.4742843954543498e-02 0.031567406975100305 0.057239236286574874   
475 5225 0.020073132356174715 38.761779240751146 0.014742843954543498 1.8053744991996284e-02 0.03584413428125009 0.053771580468631286   
476 5236 0.018664719520297097 40.96432246265267 0.014742843954543498 2.3039895500958307e-02 0.029152012371701192 0.05561261405452256   
477 5247 0.018200971236290137 41.54896709057399 0.013602163191184092 1.3602163191184092e-02 0.024517928526358868 0.04975915091619837   
478 5258 0.01641048981325422 42.010667058632976 0.010362177173457422 1.0362177173457422e-02 0.022369628357506065 0.05359449178580412   
479 5269 0.01564881511462311 42.199396526137534 0.009618050962821586 9.6180509628215859e-03 0.015438205444952556 0.03359902081293939   
480 5280 0.014268066615210837 42.42583925486684 0.009618050962821586 1.0008725264952254e-02 0.018676827269683626 0.048053317052137126   
481 5291 0.013402593607570219 43.12903091540517 0.00897018289331009 8.9701828933100893e-03 0.019810754287292714 0.032124321751791717   
482 5302 0.01223759959568439 44.77876987165866 0.00897018289331009 9.0259634426592059e-03 0.012612527081657629 0.025771284413275523   
483 5313 0.011731616964405354 43.99379351706082 0.006048324268394702 6.0483242683947022e-03 0.013796562669537129 0.019585734651451213   
484 5324 0.010813166031535591 42.790347380333905 0.006048324268394702 6.9352840160544667e-03 0.01062141284698057 0.017327647563640466   
485 5335 0.010242353209046779 42.22254668664729 0.006048324268394702 7.4697263049576489e-03 0.008534341318151775 0.013416849054722346   
486 5346 0.009518428077418997 42.80368446307014 0.006048324268394702 6.9247811032362811e-03 0.008846844795455715 0.011035514357757714   
487 5357 0.008921172579495906 44.05038865138172 0.006048324268394702 6.3522873765558992e-03 0.008633650436669634 0.011662669774456642   
488 5368 0.008403469410497997 43.66578040101076 0.006048324268394702 6.5164065419009778e-03 0.008368147536155217 0.012353271753504556   
489 5379 0.008086307891990696 43.76187683116417 0.006048324268394702 6.5711543599450868e-03 0.008722747007598232 0.012391277638483283   
490 5390 0.008177594744052642 43.45357536989058 0.00472877559891823 4.7287755989182303e-03 0.007232928378181672 0.009397868879177134   
491 5401 0.008742341143873147 45.54338902290093 0.0037036899540982384 3.7036899540982384e-03 0.005961568067312467 0.010198136957368258   
492 5412 0.008871218518849632 46.78062352718618 0.003612060950112559 3.6120609501125592e-03 0.005152162816946305 0.008636463406675982   
493 5423 0.008784019700313287 46.29623606397282 0.0030097496365804706 3.0097496365804706e-03 0.005315721555663428 0.00859760300360171   
494 5434 0.00876397722052582 46.927093090336335 0.0030097496365804706 3.5902927624509909e-03 0.005174901060539176 0.008361654661837505   
495 5445 0.008328474981308297 45.63708110508279 0.0030097496365804706 3.3860624692040437e-03 0.005498114473299475 0.008185017882868812   
496 5456 0.008067471383957973 46.02852634330477 0.0030097496365804706 3.3417169792314089e-03 0.00448069851998625 0.00968867691177971   
497 5467 0.0084733595592708 46.901325876572784 0.0030097496365804706 3.0854013415415565e-03 0.004376239352311551 0.006493797534293531   
498 5478 0.00869949183864533 49.27017257929263 0.0024595812854482486 2.4595812854482486e-03 0.004386007238158911 0.008913009820529645   
499 5489 0.008337425348828906 51.067266978958685 0.0024595812854482486 2.5023609045310771e-03 0.00438873560842908 0.00737149294213587   
500 5500 0.007868665990355609 51.53698160051651 0.0024595812854482486 2.9955309226559132e-03 0.0038823487805625086 0.009915902847552144   
501 5511 0.007485550931778043 52.77000500389085 0.0020694196833973776 2.0694196833973776e-03 0.0044993047004121545 0.005358081837190559   
502 5522 0.007369281361168157 53.766738113493936 0.0020694196833973776 2.1505070967968590e-03 0.003914578113763726 0.00546747687113473   
503 5533 0.007228377333082882 57.67543660664692 0.0017443757564084936 1.7443757564084936e-03 0.0027774030426803956 0.004320844792518333   
504 5544 0.006988625406279435 60.63575386920357 0.001686561948755834 1.6865619487558339e-03 0.003375549654095651 0.005327584609400389   
505 5555 0.006985456475173642 60.135945818248764 0.0010778758208145397 1.0778758208145397e-03 0.001964193062550218 0.005340642149861464   
506 5566 0.00704325005657369 58.56637993255411 0.0008237029336873969 8.2370293368739687e-04 0.0022843842870255066 0.00469925480400886   
507 5577 0.0070450822705096314 57.41430309607895 0.0008237029336873969 9.4495908787790340e-04 0.002285754427992285 0.003866292939559925   
508 5588 0.0068255675532951 57.16629091854043 0.0008237029336873969 1.2381018836756328e-03 0.002049640976892242 0.003485431296171264   
509 5599 0.006717988857854222 57.31431970381443 0.0008237029336873969 8.9916097124635730e-04 0.0018006063732839718 0.002740327845258882   
510 5610 0.006050423871292714 58.208983499817435 0.0006192074500186389 6.1920745001863887e-04 0.0016001031610956634 0.00412566797660522   
511 5621 0.005695402931378159 58.819944509026485 0.0006192074500186389 7.7458690364156984e-04 0.0016033481681143444 0.0026317519420517013   
512 5632 0.00520075733044028 56.94821151190058 0.0006192074500186389 6.5312104467447950e-04 0.0013356282406917917 0.002265836750571093   
513 5643 0.005099644677766695 57.142896561353545 0.00040828924911279733 4.0828924911279733e-04 0.0010256058806012369 0.0017405001541638443   
514 5654 0.004726384174128863 55.052795845709156 0.00040828924911279733 4.6313588049446173e-04 0.0008923789910183815 0.0015251240862290182   
515 5665 0.00451917980924838 55.20884852007764 0.0002533215807347237 2.5332158073472369e-04 0.0005266276442249629 0.0011405729938678802   
516 5676 0.004153039221817898 56.243797114379014 0.0002533215807347237 3.1677957012429304e-04 0.0005584453893909705 0.0012253560892967674   
517 5687 0.003930632005661894 55.257683547850334 0.0002533215807347237 2.6102968750960992e-04 0.0005970070630941218 0.001121757716915622   
518 5698 0.0038171775501500598 54.77577681726639 0.0002533215807347237 3.1140677083589188e-04 0.0005036372301427722 0.0006404609150968796   
519 5709 0.0036739946667437725 54.38787132511874 0.0002533215807347237 4.2408377631684768e-04 0.0005478954022654993 0.0009092007323973222   
520 5720 0.0037348103523126546 55.07698437841303 0.0002533215807347237 3.1015144834963345e-04 0.0004922591795516773 0.0008416007540821397   
521 5731 0.003463265602483751 55.08751137681796 0.0002472954424208618 2.4729544242086180e-04 0.00041992774413833196 0.0008112936228861302   
522 5742 0.00337404707810467 54.96891227119597 0.00014869043932627738 1.4869043932627738e-04 0.0003446622996250146 0.0005809077604268095   
523 5753 0.003444800172585529 54.81464007842723 9.993511937751932e-05 9.9935119377519315e-05 0.0002257042431574637 0.00042450866168498966   
524 5764 0.0033612214876608537 54.67228224107646 9.993511937751932e-05 1.2880203095953240e-04 0.0003928462135559872 0.000504849483278778   
525 5775 0.003049706713358065 54.980411250839445 9.993511937751932e-05 1.2580137265871903e-04 0.0004039493966003766 0.000571313855752417   
526 5786 0.0027923865150554666 55.36290120729919 6.372170828815806e-05 6.3721708288158059e-05 0.00027122207710487484 0.00047260613942157247   
527 5797 0.002617107231487399 54.913236311198744 6.372170828815806e-05 1.4276870519764468e-04 0.0003290228841155149 0.0004228064042676353   
528 5808 0.0024530465144097765 54.4479388710214 6.372170828815806e-05 1.2121691592970525e-04 0.0002842387874216273 0.0004534211167789905   
529 5819 0.002260452866922886 55.223473941347606 6.372170828815806e-05 7.3301736797056047e-05 0.00022242448643662965 0.00033278199393502997   
530 5830 0.0022377557409534996 55.3827889617393 5.3889479375402064e-05 5.3889479375402064e-05 0.00015441845109409404 0.00022675782041585627   
531 5841 0.0022319848270754175 54.1759807345836 5.3889479375402064e-05 7.1860676467370909e-05 0.00012685924006422653 0.0003363835007619353   
532 5852 0.002157585583451181 54.424105483205736 5.3889479375402064e-05 5.7042841798035731e-05 0.00012398962496671837 0.00023336092019388724   
533 5863 0.0020031350106597145 53.59132498195058 4.278838773297411e-05 4.2788387732974109e-05 0.00013017312418572917 0.000181813382427744   
534 5874 0.001874486440453637 54.54361799590822 4.278838773297411e-05 7.2815656209917595e-05 0.00011043549033324702 0.0002711520553582725   
535 5885 0.0017620483919027687 53.652671515518875 4.278838773297411e-05 5.2858321677428056e-05 0.00011599732235307778 0.00020909738631372997   
536 5896 0.0016507218638803743 53.6094345758313 4.278838773297411e-05 4.9440591730221281e-05 8.600582497907561e-05 0.00014504439152773524   
537 5907 0.0016003547071131918 53.30271990369763 4.278838773297411e-05 5.1078157117842250e-05 9.450782471965064e-05 0.00013878137162132048   
538 5918 0.0015033982787019924 54.164331406436624 4.278838773297411e-05 4.9257625738512200e-05 7.858981781680596e-05 0.0001457570896151692   
539 5929 0.0015107173680655088 55.19557431418157 4.278838773297411e-05 5.3497282105276760e-05 8.426430066237674e-05 0.00014954026231500902   
540 5940 0.0013455319657847875 56.85633894621969 3.585087014579542e-05 3.5850870145795421e-05 8.068865449478726e-05 0.00012088922007913046   
541 5951 0.0012444192425985585 55.64890231621314 1.7742670349403717e-05 1.7742670349403717e-05 5.9314857384406726e-05 8.756654516742129e-05   
542 5962 0.001124658324785296 56.13224595218405 1.7742670349403717e-05 1.8137267780254489e-05 3.714582949363429e-05 6.444852254795086e-05   
543 5973 0.0010813920817943949 56.00529595313199 1.1323625893926439e-05 1.1323625893926439e-05 2.9063986136655535e-05 5.5852412669495126e-05   
544 5984 0.0011295494135598971 55.5789491072457 1.1323625893926439e-05 2.1945209426152097e-05 3.105604013880767e-05 4.047985454795933e-05   
545 5995 0.0011302404463076898 55.744642967449145 1.1323625893926439e-05 1.3447059864447021e-05 2.7357051533942982e-05 4.312594936165814e-05   
546 6006 0.0010966401297966043 55.78190191310412 1.1323625893926439e-05 1.2458383353065368e-05 2.3765650418868433e-05 5.480221208627821e-05   
547 6017 0.001003062802262055 56.47952464238692 1.1323625893926439e-05 1.2153062605850458e-05 2.704363564009649e-05 5.029259311052886e-05   
548 6028 0.0009656228282118566 56.309004143048455 1.0011197377434077e-05 1.0011197377434077e-05 1.6914200066594985e-05 3.1934719641035195e-05   
549 6039 0.0009334564019399498 55.623888775346174 1.0011197377434077e-05 1.0103322721910701e-05 1.8135685710088532e-05 2.9640019531435653e-05   
550 6050 0.0008341532006540453 56.04004778513543 7.696984386164515e-06 7.6969843861645150e-06 2.0840835928638644e-05 3.233562918877807e-05   
551 6061 0.0007867422768223065 56.69229836364877 7.696984386164515e-06 7.7540898718844830e-06 1.4538524762953318e-05 2.978374683333634e-05   
552 6072 0.0007809328842653658 57.08421180028855 7.696984386164515e-06 9.7857267716009970e-06 1.3629517754046174e-05 2.7642453727394466e-05   
553 6083 0.0007250911686951048 56.46739193879541 6.288028645284795e-06 6.2880286452847947e-06 1.6211279382102598e-05 2.1499399737944126e-05   
554 6094 0.0006815286223169048 56.17145193581394 4.865887307827245e-06 4.8658873078272447e-06 9.27152338036682e-06 2.7316568045744815e-05   
555 6105 0.0006635372040618528 54.692225822560395 4.865887307827245e-06 5.3503467507962015e-06 7.841303655912772e-06 1.3185840004407136e-05   
556 6116 0.000642801522056292 52.617922588799345 4.39883746995156e-06 4.3988374699515598e-06 9.75451113186469e-06 1.8304001035373772e-05   
557 6127 0.0005952554484600265 54.10925015001267 4.39883746995156e-06 5.1974917139163953e-06 6.544784126497073e-06 1.3199072280874948e-05   
558 6138 0.0005556417918141836 53.79244266764155 4.061211172679434e-06 4.0612111726794344e-06 5.3186666340865535e-06 1.1925452242563058e-05   
559 6149 0.0005227390961326552 54.12583701205338 3.946975606178477e-06 3.9469756061784769e-06 5.434491854685103e-06 7.67114774173903e-06   
560 6160 0.0004947256989516546 55.62001918823779 2.7949671525867827e-06 2.7949671525867827e-06 5.219582842660175e-06 1.2074518138283697e-05   
561 6171 0.0004485131492857068 54.00881379334303 2.389338513907133e-06 2.3893385139071329e-06 4.796798372537722e-06 8.017839157420307e-06   
562 6182 0.00041112727485818933 56.308089552086514 2.0458438276328164e-06 2.0458438276328164e-06 3.672014640376453e-06 5.744726669881409e-06   
563 6193 0.0003825107806960744 56.46734923760984 2.0458438276328164e-06 2.1299151120055458e-06 3.259940379969633e-06 6.3840774298338325e-06   
564 6204 0.000367318094645414 56.830807831048666 2.0458438276328164e-06 2.1504030579362515e-06 2.6357538343290014e-06 4.064945901625217e-06   
565 6215 0.0003489121138874214 55.944767445317474 1.5433565028103965e-06 1.5433565028103965e-06 3.3488509720418013e-06 1.0511617827754724e-05   
566 6226 0.00033780850370580785 56.465140571705966 1.3532258478815939e-06 1.3532258478815939e-06 3.7404881290093144e-06 4.733457877513428e-06   
567 6237 0.00032863871810153095 55.62963833477678 1.2726500629785192e-06 1.2726500629785192e-06 2.079363484704723e-06 2.7576430717965487e-06   
568 6248 0.0003226016691075889 57.23314821561407 1.2726500629785192e-06 1.5166522644107306e-06 2.3621761266349478e-06 5.4849972407504815e-06   
569 6259 0.00030964587290275707 57.81324328639454 1.111616958614175e-06 1.1116169586141751e-06 2.1736740670919845e-06 3.614500762524954e-06   
570 6270 0.00031477336205823546 58.3778383795753 1.111616958614175e-06 1.1947742856419563e-06 1.6809669014185156e-06 2.7557544717952306e-06   
571 6281 0.0003058705690918461 57.949739778703716 8.669347910846218e-07 8.6693479108462178e-07 2.0339821114340344e-06 3.2796566152190385e-06   
572 6292 0.0002910089262302202 57.847769364971164 8.669347910846218e-07 9.1825163998968491e-07 1.9392646896265824e-06 2.510693784192473e-06   
573 6303 0.00027365197956132076 60.03248123778586 7.870716674623519e-07 7.8707166746235185e-07 1.619563733873399e-06 2.295426658248328e-06   
574 6314 0.0002527434783528095 61.01487886002995 5.952709077692893e-07 5.9527090776928926e-07 1.1084831499705056e-06 1.6977731211151284e-06   
575 6325 0.0002305016534109376 61.290294131819664 5.410237665672344e-07 5.4102376656723437e-07 9.174772094778295e-07 1.6742164248878636e-06   
576 6336 0.00021456654982500805 60.66924079111399 4.4475096614062554e-07 4.4475096614062554e-07 9.841364414927339e-07 1.4340924075051142e-06   
577 6347 0.00020395466272385757 61.30523780844442 4.120440320273502e-07 4.1204403202735021e-07 7.417756218863937e-07 1.6824185969793635e-06   
578 6358 0.00018791337081175294 60.37370543080235 2.5637277841787214e-07 2.5637277841787214e-07 8.251529137921523e-07 1.2808219151556237e-06   
579 6369 0.00018166474783449187 60.07475834401147 2.5637277841787214e-07 2.6603623525089049e-07 6.366699569826461e-07 1.1557118397583533e-06   
580 6380 0.00017147775868099293 60.46506149038597 2.1869970734804278e-07 2.1869970734804278e-07 5.193531552699531e-07 8.250927781929297e-07   
581 6391 0.0001652530635540469 59.03360805409268 1.3162966997281076e-07 1.3162966997281076e-07 2.7957721249561625e-07 6.406965945341629e-07   
582 6402 0.00015468736805421705 59.374211577766665 1.3162966997281076e-07 1.7907118475226545e-07 2.8971433340077545e-07 5.777846285715561e-07   
583 6413 0.00013518549266051965 61.042554056344535 1.232352912642829e-07 1.2323529126428291e-07 2.561065397431561e-07 4.38294001749378e-07   
584 6424 0.00012436289507448237 61.38295654143914 9.489594483618648e-08 9.4895944836186479e-08 2.2544690512253342e-07 3.166298465682291e-07   
585 6435 0.00011513730836444524 61.01381019957375 9.489594483618648e-08 9.4934297831380467e-08 1.3545858972410834e-07 3.6683888488590074e-07   
586 6446 0.00010905390952463898 60.253134205477274 5.1664237457974884e-08 5.1664237457974884e-08 1.8460927121927837e-07 2.8201616361876385e-07   
587 6457 0.00010405828266300127 59.896652075436435 5.1664237457974884e-08 6.4013308757037309e-08 1.3791521150028614e-07 2.4487549038455847e-07   
588 6468 9.295902901541155e-05 59.4868551804374 3.782698332189351e-08 3.7826983321893507e-08 1.2717835585762924e-07 2.3201383293828518e-07   
589 6479 8.193444789211446e-05 58.74891127116954 3.782698332189351e-08 5.5624389053342711e-08 1.0420989496671332e-07 1.4140401009677613e-07   
590 6490 7.986853612661205e-05 59.15350099814676 2.6080974934804872e-08 2.6080974934804872e-08 5.153258867557628e-08 1.151545161794706e-07   
591 6501 7.843623195165576e-05 62.45098434897396 1.807363644267853e-08 1.8073636442678529e-08 5.6899199408446017e-08 1.1927850962884617e-07   
592 6512 7.644279312885035e-05 65.31275952106796 1.807363644267853e-08 2.8735489171941818e-08 6.617946677636e-08 1.5268812125674917e-07   
593 6523 7.624041353121748e-05 66.02420062513775 1.807363644267853e-08 3.6451323726587218e-08 9.690350911207919e-08 1.4151897417631732e-07   
594 6534 6.692064013297902e-05 66.58281269330101 1.807363644267853e-08 2.3349997443470227e-08 6.975357310574311e-08 1.4027384263600547e-07   
595 6545 6.042388646860366e-05 69.05528127781031 1.807363644267853e-08 1.8704105189532155e-08 4.0245622652068496e-08 9.862093222314246e-08   
596 6556 5.562962424878161e-05 68.17626968175223 1.7129218980424428e-08 1.7129218980424428e-08 3.147951087815828e-08 5.563465421484767e-08   
597 6567 5.161911595896643e-05 66.84685361447804 1.2998939170920815e-08 1.2998939170920815e-08 3.659402544366016e-08 6.501355993834627e-08   
598 6578 4.7137053891121044e-05 66.94983779059991 1.2998939170920815e-08 1.7348682756554039e-08 2.5980931819226812e-08 4.6958872668697435e-08   
599 6589 4.454454216896811e-05 67.01092469597386 8.492340670484553e-09 8.4923406704845532e-09 2.5200505800154815e-08 5.512396445732335e-08   
600 6600 4.301220781567388e-05 65.82230318032072 8.492340670484553e-09 1.0240311298685757e-08 1.739586797710644e-08 2.903472862372993e-08   
601 6611 3.9983695785713746e-05 66.34558566540016 7.802899036552972e-09 7.8028990365529720e-09 2.121361214174538e-08 3.782825936267091e-08   
602 6622 3.7493060820405395e-05 66.68313317828414 7.802899036552972e-09 8.4052763500886798e-09 1.3890656535391071e-08 3.014969897827161e-08   
603 6633 3.5745848977546e-05 66.93531557414208 7.802899036552972e-09 1.0578052337099794e-08 1.6097344677341608e-08 3.183504201451216e-08   
604 6644 3.226478936328486e-05 66.0410770325529 7.802899036552972e-09 9.2503863411977213e-09 1.7994713341471682e-08 3.104402601737128e-08   
605 6655 2.9924306999188766e-05 67.65384536432745 7.61897570568397e-09 7.6189757056839707e-09 1.1786023372744193e-08 2.1084433761247377e-08   
606 6666 2.7944529174269974e-05 67.2577412795843 7.40337305169132e-09 7.4033730516913196e-09 9.517906376059813e-09 1.534831027806603e-08   
607 6677 2.848070128041796e-05 68.83838432057165 5.103532624001777e-09 5.1035326240017767e-09 1.1347215761718951e-08 1.811011870745133e-08   
608 6688 2.9143430019958083e-05 65.45861573009215 4.244908056678846e-09 4.2449080566788463e-09 7.2787852001378095e-09 1.3178322270439036e-08   
609 6699 2.7662146632908154e-05 63.83205464619024 3.117928891059596e-09 3.1179288910595961e-09 7.258126267255088e-09 1.2504750679262759e-08   
610 6710 2.6211444555776397e-05 63.688136842671014 3.0369708974775156e-09 3.0369708974775156e-09 8.142981537083729e-09 1.1652519702230376e-08   
611 6721 2.50564903657943e-05 64.45830309295619 2.0774708629969092e-09 2.0774708629969092e-09 4.987312761334873e-09 9.217299733217415e-09   
612 6732 2.2345634161331104e-05 64.13712873004047 2.0774708629969092e-09 2.6335674241102271e-09 5.382569895551766e-09 9.779923659998265e-09   
613 6743 2.0352945782462785e-05 64.41194553524699 1.7344024193771179e-09 1.7344024193771179e-09 5.0259934909062876e-09 6.884327038945662e-09   
614 6754 1.9110988638062073e-05 63.844190049822146 1.7344024193771179e-09 2.1368104167848222e-09 3.9354878758869185e-09 6.3779972012791315e-09   
615 6765 1.8053080612810252e-05 63.48775539656458 1.7344024193771179e-09 1.8408297749419853e-09 3.3578666462425034e-09 5.745657180242513e-09   
616 6776 1.6815949221751345e-05 62.59614202021805 1.7344024193771179e-09 2.2243781224343190e-09 2.6252594168729417e-09 5.270999749511095e-09   
617 6787 1.6613842746959814e-05 61.491915540461044 7.951776141062169e-10 7.9517761410621694e-10 2.4669962157277333e-09 3.925632947590137e-09   
618 6798 1.593035071177263e-05 58.655277662343444 7.951776141062169e-10 1.3270590408829506e-09 2.037737274168295e-09 6.481808117386712e-09   
619 6809 1.569615925855764e-05 58.81117693609817 5.353753976161301e-10 5.3537539761613015e-10 1.9604258352939285e-09 3.3388670797068657e-09   
620 6820 1.421800216374112e-05 58.82940665761994 4.925736288665303e-10 4.9257362886653025e-10 1.824886880725816e-09 3.481171630614069e-09   
621 6831 1.3047173540400773e-05 58.710418414822115 4.6062251794490204e-10 4.6062251794490204e-10 1.421975585733558e-09 1.7438228642131303e-09   
622 6842 1.1654747777856721e-05 58.6337974740019 2.460840939067928e-10 2.4608409390679281e-10 9.399560781642985e-10 2.025829442849543e-09   
623 6853 1.0875409225131127e-05 57.771886781873974 2.0853680332465633e-10 2.0853680332465633e-10 5.818439973664976e-10 1.2708528736609872e-09   
624 6864 9.943415333227201e-06 59.70623678896486 2.0853680332465633e-10 3.5178828234436538e-10 8.792804205122124e-10 1.3595189025720918e-09   
625 6875 8.869376009619578e-06 61.16786726519228 2.0853680332465633e-10 3.0730485579975744e-10 4.886841715067128e-10 7.982489771035973e-10   
626 6886 7.809373283399602e-06 62.10818546811489 1.3456087035252398e-10 1.3456087035252398e-10 4.2985750770987006e-10 7.639877675522318e-10   
627 6897 7.2347153891244564e-06 61.881601711512644 1.3456087035252398e-10 1.8363935091290248e-10 4.2692771178672535e-10 7.614789560201215e-10   
628 6908 6.611932301215606e-06 61.389203371187044 1.3456087035252398e-10 1.5415817973090630e-10 2.9832218911513057e-10 6.149166407069664e-10   
629 6919 5.866616012589171e-06 62.30132984766675 1.3456087035252398e-10 2.2773786939306083e-10 2.9625309605352217e-10 4.4635849773415645e-10   
630 6930 5.515906701744008e-06 62.79361458916656 1.3456087035252398e-10 1.3754515047415498e-10 3.150100668017331e-10 6.863673290772575e-10   
631 6941 5.307522402221338e-06 65.48040134725119 1.3456087035252398e-10 1.3615846803592114e-10 3.0314159823717006e-10 4.75691531119244e-10   
632 6952 4.950228113011628e-06 65.61745959916469 1.0565022065278129e-10 1.0565022065278129e-10 2.387013973195086e-10 3.8065605075537486e-10   
633 6963 4.7741233640953795e-06 66.14695760819917 5.706425327499716e-11 5.7064253274997158e-11 9.234632606496366e-11 2.866692308114453e-10   
634 6974 4.4527644482152046e-06 67.02338994444773 3.8727589814562576e-11 3.8727589814562576e-11 1.36965433081557e-10 2.136950558872154e-10   
635 6985 4.144015652587234e-06 65.08244891792968 3.8727589814562576e-11 4.7752144369520372e-11 1.130541809725288e-10 2.5269611366998956e-10   
636 6996 3.81185801369005e-06 66.93727860156474 3.8727589814562576e-11 4.9101674645888382e-11 1.022522988074981e-10 1.5922280322119954e-10   
637 7007 3.825210446543284e-06 67.81064578261834 3.8727589814562576e-11 4.3736661791878690e-11 7.352785347826624e-11 1.0821646300743171e-10   
638 7018 3.624852976647857e-06 67.44309628721066 3.8727589814562576e-11 5.0385399867181419e-11 7.70609756783809e-11 1.8182217658817403e-10   
639 7029 3.277441000365675e-06 67.85081075522541 3.002771520823494e-11 3.0027715208234943e-11 7.783901593827094e-11 1.1970834099795638e-10   
640 7040 2.9853369136675187e-06 65.79641229343888 1.8415005610705328e-11 1.8415005610705328e-11 5.427219909077409e-11 9.955057073382007e-11   
641 7051 2.8788967668637796e-06 63.80084518728947 1.8415005610705328e-11 2.6110193121758132e-11 5.4882526871339436e-11 1.1398810574978524e-10   
642 7062 2.644428951399858e-06 63.75877863224194 1.8415005610705328e-11 2.6870750633848767e-11 5.3768503774089105e-11 7.871441966264217e-11   
643 7073 2.4058794756661058e-06 64.09927002296597 1.6407095365535612e-11 1.6407095365535612e-11 3.2892099021366016e-11 5.316905948587798e-11   
644 7084 2.1503291044907697e-06 63.85934317424181 1.6407095365535612e-11 1.6429504292244720e-11 3.121387224602385e-11 3.602053516988893e-11   
645 7095 1.95253532869214e-06 64.15539017905623 1.6407095365535612e-11 1.9641446557375630e-11 2.6399506545924253e-11 5.822797314068212e-11   
646 7106 1.8285060543061252e-06 63.183748964601655 8.730847223627057e-12 8.7308472236270568e-12 2.5736442046913863e-11 3.8032201006117783e-11   
647 7117 1.7769871714237486e-06 64.95396414415048 8.71436851301878e-12 8.7143685130187805e-12 1.7001723395449178e-11 3.383803919673261e-11   
648 7128 1.7110050094505375e-06 65.54688030153838 7.858951912578338e-12 7.8589519125783378e-12 1.8658491376760343e-11 2.7217829009497702e-11   
649 7139 1.6417920197486372e-06 66.1948748190902 7.858951912578338e-12 1.0389983681199467e-11 1.7341223447082846e-11 3.339915732556107e-11   
650 7150 1.5267028063675491e-06 67.8863591289137 7.857026148590314e-12 7.8570261485903145e-12 1.90715064886309e-11 3.133810038796185e-11   
651 7161 1.4135713086819547e-06 67.75363831847339 7.857026148590314e-12 8.9775192914986645e-12 1.374615777039695e-11 1.6819742274343332e-11   
652 7172 1.3330114848253205e-06 68.57156355195119 7.603248596960288e-12 7.6032485969602885e-12 1.0356580192703893e-11 2.300843779067159e-11   
653 7183 1.2589942200014359e-06 69.48435263630893 5.004633935860001e-12 5.0046339358600010e-12 1.0545643814575684e-11 1.6705493057699033e-11   
654 7194 1.213803800877031e-06 70.11719330578036 4.254526654634252e-12 4.2545266546342516e-12 8.601759547533116e-12 1.577963371647051e-11   
655 7205 1.1928355299951086e-06 65.9607676179442 4.254526654634252e-12 5.6931858135829461e-12 8.694297256150313e-12 1.4153148319206889e-11   
656 7216 1.1352528485972512e-06 65.76002481147027 4.028049473353351e-12 4.0280494733533513e-12 7.015132913719297e-12 9.794570732579464e-12   
657 7227 1.138251853549732e-06 64.8577955515753 2.6573203317041434e-12 2.6573203317041434e-12 5.5081466154858374e-12 9.432523001352262e-12   
658 7238 1.1768347934720773e-06 63.706130487096786 2.6573203317041434e-12 3.6654094661593488e-12 5.837059148496365e-12 6.455929374248969e-12   
659 7249 1.1834015236830024e-06 63.91975275448334 2.6573203317041434e-12 3.1758221617207508e-12 7.58648725394118e-12 1.0148672230895186e-11   
660 7260 1.0995302111427767e-06 64.66409568505563 2.1327172442176035e-12 2.1327172442176035e-12 6.491256771967114e-12 1.011990321696328e-11   
661 7271 1.0334463968036766e-06 63.3455626103892 2.1327172442176035e-12 2.3325118677448606e-12 5.2878634781244426e-12 7.253333972430164e-12   
662 7282 9.710332995824979e-07 62.25628823675401 2.1327172442176035e-12 2.5850867262575286e-12 4.8903646593364e-12 7.107055796471864e-12   
663 7293 9.430906017416134e-07 63.33813692133372 2.1327172442176035e-12 3.2141020806050742e-12 4.90243784777605e-12 6.9203928394287556e-12   
664 7304 8.747209894323097e-07 62.66914856395433 1.6382314124476746e-12 1.6382314124476746e-12 3.902971981601482e-12 8.530261037479622e-12   
665 7315 8.024040840823055e-07 62.27402051358255 1.2958521213179101e-12 1.2958521213179101e-12 3.979481153066178e-12 6.61390897093266e-12   
666 7326 7.492764871203376e-07 63.09756996470535 9.765962869187049e-13 9.7659628691870486e-13 2.852788572023966e-12 5.1754446701533855e-12   
667 7337 7.109036872843218e-07 62.52957011655119 9.765962869187049e-13 1.5700826409092871e-12 2.274905206150904e-12 3.697003970215035e-12   
668 7348 6.621448118271032e-07 63.19505818241586 9.765962869187049e-13 1.7869080302657286e-12 2.5032223331918306e-12 3.6720876071083065e-12   
669 7359 6.098138348164952e-07 63.985091025157324 9.765962869187049e-13 1.4735787004187821e-12 2.3302785131714348e-12 5.241057437291284e-12   
670 7370 5.918929371703314e-07 65.70580521620252 9.765962869187049e-13 1.0854767369247402e-12 1.6600657942096408e-12 3.376033955070481e-12   
671 7381 5.63618860213568e-07 65.73008706358974 7.963611270662051e-13 7.9636112706620508e-13 1.7459352758462076e-12 3.440946416999584e-12   
672 7392 5.30221622325323e-07 64.84290304235499 4.123735489594977e-13 4.1237354895949768e-13 1.4058522897578971e-12 2.87325610203072e-12   
673 7403 5.272505260707607e-07 65.90745872713498 4.123735489594977e-13 4.6732087767220240e-13 1.4139859113413544e-12 2.311642185325226e-12   
674 7414 4.995974681937917e-07 65.4160655569289 4.123735489594977e-13 5.0413440151198247e-13 1.0135398052755722e-12 2.128789246857312e-12   
675 7425 4.773173189580978e-07 65.02280491210986 3.2930801827384795e-13 3.2930801827384795e-13 1.0030405590526685e-12 1.7702758864153199e-12   
676 7436 4.506594812045746e-07 65.7731709837335 3.2930801827384795e-13 4.2510868964056772e-13 8.79010604055348e-13 1.4292619754956262e-12   
677 7447 4.35344213653582e-07 65.40052076013536 2.621162772194094e-13 2.6211627721940941e-13 5.247559241582741e-13 1.2800945430847035e-12   
678 7458 4.1504413832901e-07 64.51801194542152 2.314962519001878e-13 2.3149625190018778e-13 5.974998614570092e-13 9.153588286847833e-13   
679 7469 4.0022893320978716e-07 64.88989910695385 2.314962519001878e-13 2.8408938648581155e-13 5.871931124541487e-13 9.136275474597023e-13   
680 7480 3.708245160980332e-07 65.43547556123994 1.8398007588346336e-13 1.8398007588346336e-13 6.440100503596197e-13 9.640202901290184e-13   
681 7491 3.546353087269552e-07 65.41105460200372 1.8398007588346336e-13 2.1506248992283117e-13 3.881010151610892e-13 7.645868403977165e-13   
682 7502 3.221282464260895e-07 67.25572813157386 1.299037877110406e-13 1.2990378771104061e-13 4.2612155306040024e-13 5.762029781257449e-13   
683 7513 2.893415919173935e-07 67.6689109447694 1.299037877110406e-13 1.3159540240968000e-13 2.7489041407419573e-13 7.936915264515971e-13   
684 7524 2.787922925151299e-07 67.10492310789138 1.299037877110406e-13 1.3177760901174602e-13 2.510385536007706e-13 3.3875625806466344e-13   
685 7535 2.5312631631576967e-07 68.53990408624122 5.397446962255637e-14 5.3974469622556372e-14 2.442238138435664e-13 6.167180120365673e-13   
686 7546 2.3030680691879708e-07 70.06872152662608 5.397446962255637e-14 9.7934706286206225e-14 1.8257609953040664e-13 4.813492839876209e-13   
687 7557 2.0798289914809574e-07 69.1366274303526 5.397446962255637e-14 6.4083971983532757e-14 1.5055218575963216e-13 2.7853502267852225e-13   
688 7568 1.914906264748217e-07 68.83607101488676 5.397446962255637e-14 9.3292817301826655e-14 1.5022963540089604e-13 2.6211851276420837e-13   
689 7579 1.7343252851511956e-07 70.41001762768448 5.397446962255637e-14 1.1025601739973648e-13 1.4940871990110009e-13 1.9471496724217563e-13   
690 7590 1.6650647304349368e-07 71.69960854859225 4.8570477440653635e-14 4.8570477440653635e-14 1.1157751314933303e-13 2.1268199299244743e-13   
691 7601 1.6832080654954325e-07 69.48821915345265 4.8570477440653635e-14 5.5841805908284893e-14 1.066971255312731e-13 1.5779496094276925e-13   
